
Results obtained with combination of parameters : 
un_year  :  1972.095 
un_max  :  0.3010771 
un_min  :  0.02149821 
uk  :  0.2555518 
th_edu  :  23.17044 
w_pnty  :  0.3926255 
post_edu  :  3.673836 
gamma  :  43.74981 
kappa  :  0.3574436 
d  :  0.0504106 
ini_d  :  2.976997 
diff_d  :  0.1868105 
d_norm  :  2.285076 
purpose  :  1 
