
Results obtained with combination of parameters : 
un_year  :  1972.433 
un_max  :  0.3171756 
un_min  :  0.0124879 
uk  :  0.2208353 
th_edu  :  22.35832 
w_pnty  :  0.2608967 
post_edu  :  3.635693 
gamma  :  42.01966 
kappa  :  0.3060176 
d  :  0.06234032 
ini_d  :  2.875112 
diff_d  :  0.1644887 
d_norm  :  2.534931 
purpose  :  1 
