
Results obtained with combination of parameters : 
un_year  :  1975.994 
un_max  :  0.5260385 
un_min  :  0.03317903 
uk  :  0.173572 
th_edu  :  18.31337 
w_pnty  :  0.4475464 
post_edu  :  5.099687 
gamma  :  38.70129 
kappa  :  0.4107977 
d  :  0.06726641 
ini_d  :  2.997535 
diff_d  :  0.2051718 
d_norm  :  1.614781 
purpose  :  1 
