
Results obtained with combination of parameters : 
un_year  :  1975.663 
un_max  :  0.8977419 
un_min  :  0.03568709 
uk  :  0.167378 
th_edu  :  21.46408 
w_pnty  :  0.617288 
post_edu  :  5.0285 
gamma  :  42.06707 
kappa  :  0.4384038 
d  :  0.0744475 
ini_d  :  4.962529 
diff_d  :  0.2354058 
d_norm  :  2.513259 
purpose  :  2 
