
Results obtained with combination of parameters : 
un_year  :  1976.595 
un_max  :  0.5794371 
un_min  :  0.03434454 
uk  :  0.2243901 
th_edu  :  16.65115 
w_pnty  :  0.6791023 
post_edu  :  6.92831 
gamma  :  40.5405 
kappa  :  0.3052468 
d  :  0.07025659 
ini_d  :  2.990745 
diff_d  :  0.2603613 
d_norm  :  1.755376 
purpose  :  1 
