
Results obtained with combination of parameters : 
un_year  :  1972.521 
un_max  :  0.9219385 
un_min  :  0.03707332 
uk  :  0.2422088 
th_edu  :  16.74853 
w_pnty  :  0.6128951 
post_edu  :  3.856578 
gamma  :  36.36628 
kappa  :  0.1387372 
d  :  0.06024073 
ini_d  :  5.056535 
diff_d  :  0.2042872 
d_norm  :  2.381521 
purpose  :  2 
