
Results obtained with combination of parameters : 
un_year  :  1975.991 
un_max  :  0.3725769 
un_min  :  0.02332986 
uk  :  0.2400767 
th_edu  :  22.06265 
w_pnty  :  0.5344768 
post_edu  :  4.314131 
gamma  :  39.27974 
kappa  :  0.2484799 
d  :  0.04805938 
ini_d  :  2.773775 
diff_d  :  0.1461431 
d_norm  :  2.225607 
purpose  :  1 
