
Results obtained with combination of parameters : 
un_year  :  1971.976 
un_max  :  0.3469683 
un_min  :  0.0280869 
uk  :  0.2654823 
th_edu  :  20.43992 
w_pnty  :  0.5518095 
post_edu  :  3.473193 
gamma  :  43.86254 
kappa  :  0.4135041 
d  :  0.07754538 
ini_d  :  2.91346 
diff_d  :  0.191329 
d_norm  :  2.48633 
purpose  :  2 
