
Results obtained with combination of parameters : 
un_year  :  1977.967 
un_max  :  0.4884058 
un_min  :  0.0353592 
uk  :  0.1744508 
th_edu  :  16.25179 
w_pnty  :  0.4039901 
post_edu  :  7.459237 
gamma  :  38.4976 
kappa  :  0.452611 
d  :  0.05489114 
ini_d  :  2.944299 
diff_d  :  0.2759542 
d_norm  :  1.666121 
purpose  :  1 
