
Results obtained with combination of parameters : 
un_year  :  1974.068 
un_max  :  0.3622132 
un_min  :  0.03000175 
uk  :  0.253159 
th_edu  :  17.47281 
w_pnty  :  0.3610229 
post_edu  :  3.948525 
gamma  :  41.26933 
kappa  :  0.4086175 
d  :  0.06647456 
ini_d  :  2.873494 
diff_d  :  0.1663232 
d_norm  :  2.327532 
purpose  :  2 
