
Results obtained with combination of parameters : 
un_year  :  1975.642 
un_max  :  0.2858232 
un_min  :  0.009739243 
uk  :  0.2406428 
th_edu  :  14.79783 
w_pnty  :  0.3664196 
post_edu  :  4.074703 
gamma  :  36.94557 
kappa  :  0.1055037 
d  :  0.0474741 
ini_d  :  2.790897 
diff_d  :  0.150832 
d_norm  :  2.368182 
purpose  :  1 
