
Results obtained with combination of parameters : 
un_year  :  1972.928 
un_max  :  0.3300878 
un_min  :  0.02128777 
uk  :  0.204162 
th_edu  :  23.68584 
w_pnty  :  0.2214142 
post_edu  :  3.399998 
gamma  :  42.69148 
kappa  :  0.1420965 
d  :  0.07666536 
ini_d  :  2.797737 
diff_d  :  0.1572457 
d_norm  :  2.316801 
purpose  :  1 
