
Results obtained with combination of parameters : 
un_year  :  1972.102 
un_max  :  0.7050327 
un_min  :  0.02574154 
uk  :  0.2658576 
th_edu  :  22.60671 
w_pnty  :  0.6962392 
post_edu  :  5.04161 
gamma  :  35.32329 
kappa  :  0.6830098 
d  :  0.05314961 
ini_d  :  2.732658 
diff_d  :  0.1536152 
d_norm  :  1.628453 
purpose  :  1 
