
Results obtained with combination of parameters : 
un_year  :  1978.605 
un_max  :  0.7234483 
un_min  :  0.03949035 
uk  :  0.1088272 
th_edu  :  23.87573 
w_pnty  :  0.4617181 
post_edu  :  6.536032 
gamma  :  35.46085 
kappa  :  0.3970639 
d  :  0.07479342 
ini_d  :  5.486506 
diff_d  :  0.2010895 
d_norm  :  2.440799 
purpose  :  1 
