
Results obtained with combination of parameters : 
un_year  :  1973.843 
un_max  :  0.644633 
un_min  :  0.02664203 
uk  :  0.223219 
th_edu  :  22.05789 
w_pnty  :  0.4417606 
post_edu  :  7.802867 
gamma  :  36.74599 
kappa  :  0.4134028 
d  :  0.08474392 
ini_d  :  2.954338 
diff_d  :  0.2794658 
d_norm  :  1.649027 
purpose  :  1 
