
Results obtained with combination of parameters : 
un_year  :  1973.499 
un_max  :  0.7557505 
un_min  :  0.02695422 
uk  :  0.1189423 
th_edu  :  15.07428 
w_pnty  :  0.5537265 
post_edu  :  4.422224 
gamma  :  40.08948 
kappa  :  0.1275417 
d  :  0.05957784 
ini_d  :  5.495446 
diff_d  :  0.2950835 
d_norm  :  2.545793 
purpose  :  1 
