
Results obtained with combination of parameters : 
un_year  :  1975.004 
un_max  :  0.3484752 
un_min  :  0.03700223 
uk  :  0.2690567 
th_edu  :  14.07284 
w_pnty  :  0.2077915 
post_edu  :  3.190018 
gamma  :  35.41303 
kappa  :  0.7680755 
d  :  0.07134142 
ini_d  :  2.835922 
diff_d  :  0.1959367 
d_norm  :  2.259157 
purpose  :  1 
