
Results obtained with combination of parameters : 
un_year  :  1973.239 
un_max  :  0.7247458 
un_min  :  0.03004342 
uk  :  0.2033709 
th_edu  :  19.70833 
w_pnty  :  0.4340906 
post_edu  :  7.542903 
gamma  :  40.04123 
kappa  :  0.3293262 
d  :  0.08002132 
ini_d  :  2.968869 
diff_d  :  0.264223 
d_norm  :  1.663614 
purpose  :  1 
