
Results obtained with combination of parameters : 
un_year  :  1971.233 
un_max  :  0.2944142 
un_min  :  0.02588721 
uk  :  0.2176873 
th_edu  :  19.96479 
w_pnty  :  0.3288045 
post_edu  :  4.181153 
gamma  :  38.4401 
kappa  :  0.5620682 
d  :  0.04669661 
ini_d  :  2.906236 
diff_d  :  0.1802588 
d_norm  :  2.383075 
purpose  :  1 
