
Results obtained with combination of parameters : 
un_year  :  1975.047 
un_max  :  0.5566674 
un_min  :  0.03290488 
uk  :  0.2126648 
th_edu  :  19.34209 
w_pnty  :  0.5563766 
post_edu  :  6.545928 
gamma  :  40.2734 
kappa  :  0.4305875 
d  :  0.07023372 
ini_d  :  2.832959 
diff_d  :  0.2210709 
d_norm  :  1.776943 
purpose  :  2 
