
Results obtained with combination of parameters : 
un_year  :  1977.813 
un_max  :  0.5195191 
un_min  :  0.03438145 
uk  :  0.2467535 
th_edu  :  22.75393 
w_pnty  :  0.6213784 
post_edu  :  6.922249 
gamma  :  44.69888 
kappa  :  0.3375193 
d  :  0.08621371 
ini_d  :  2.720347 
diff_d  :  0.2293611 
d_norm  :  1.998761 
purpose  :  1 
