
Results obtained with combination of parameters : 
un_year  :  1972.977 
un_max  :  0.599456 
un_min  :  0.02682145 
uk  :  0.2109016 
th_edu  :  16.34051 
w_pnty  :  0.6869837 
post_edu  :  5.599611 
gamma  :  36.20857 
kappa  :  0.4819356 
d  :  0.06617773 
ini_d  :  2.883337 
diff_d  :  0.187048 
d_norm  :  1.700469 
purpose  :  1 
