
Results obtained with combination of parameters : 
un_year  :  1979.652 
un_max  :  0.7544634 
un_min  :  0.02947508 
uk  :  0.2293462 
th_edu  :  21.56585 
w_pnty  :  0.4727378 
post_edu  :  5.528839 
gamma  :  36.81635 
kappa  :  0.5752537 
d  :  0.05646301 
ini_d  :  4.737177 
diff_d  :  0.2094676 
d_norm  :  2.600995 
purpose  :  1 
