
Results obtained with combination of parameters : 
un_year  :  1977.488 
un_max  :  0.7420161 
un_min  :  0.02720282 
uk  :  0.1995276 
th_edu  :  18.63121 
w_pnty  :  0.4830572 
post_edu  :  5.984227 
gamma  :  44.36028 
kappa  :  0.2426449 
d  :  0.0632257 
ini_d  :  4.837915 
diff_d  :  0.2203563 
d_norm  :  2.474477 
purpose  :  1 
