
Results obtained with combination of parameters : 
un_year  :  1971.008 
un_max  :  0.4384144 
un_min  :  0.04324516 
uk  :  0.2756167 
th_edu  :  15.76214 
w_pnty  :  0.2461064 
post_edu  :  3.898942 
gamma  :  39.73151 
kappa  :  0.8759638 
d  :  0.07676133 
ini_d  :  2.652571 
diff_d  :  0.1997193 
d_norm  :  2.504973 
purpose  :  1 
