
Results obtained with combination of parameters : 
un_year  :  1973.512 
un_max  :  0.3055886 
un_min  :  0.03316243 
uk  :  0.2583783 
th_edu  :  23.74243 
w_pnty  :  0.2991159 
post_edu  :  4.23577 
gamma  :  42.95598 
kappa  :  0.5475524 
d  :  0.07632109 
ini_d  :  2.963546 
diff_d  :  0.1579051 
d_norm  :  2.584934 
purpose  :  1 
