
Results obtained with combination of parameters : 
un_year  :  1975.075 
un_max  :  0.6841655 
un_min  :  0.02563945 
uk  :  0.1978884 
th_edu  :  19.97663 
w_pnty  :  0.6750969 
post_edu  :  7.51581 
gamma  :  40.4023 
kappa  :  0.232137 
d  :  0.08419819 
ini_d  :  2.764077 
diff_d  :  0.2463914 
d_norm  :  1.757558 
purpose  :  1 
