
Results obtained with combination of parameters : 
un_year  :  1973.563 
un_max  :  0.4737183 
un_min  :  0.02965061 
uk  :  0.2637891 
th_edu  :  20.90718 
w_pnty  :  0.6493387 
post_edu  :  7.141811 
gamma  :  35.89925 
kappa  :  0.5836436 
d  :  0.0683694 
ini_d  :  2.85735 
diff_d  :  0.2055087 
d_norm  :  1.707255 
purpose  :  1 
