
Results obtained with combination of parameters : 
un_year  :  1972.493 
un_max  :  0.9146577 
un_min  :  0.03005926 
uk  :  0.2662081 
th_edu  :  21.30288 
w_pnty  :  0.6177285 
post_edu  :  3.311269 
gamma  :  39.14161 
kappa  :  0.3697104 
d  :  0.08461173 
ini_d  :  5.345333 
diff_d  :  0.2291314 
d_norm  :  2.536642 
purpose  :  1 
