
Results obtained with combination of parameters : 
un_year  :  1974.252 
un_max  :  0.4882486 
un_min  :  0.03152784 
uk  :  0.2029307 
th_edu  :  17.65551 
w_pnty  :  0.5752797 
post_edu  :  6.439473 
gamma  :  41.93585 
kappa  :  0.2630846 
d  :  0.0666022 
ini_d  :  2.865654 
diff_d  :  0.1968643 
d_norm  :  1.811047 
purpose  :  2 
