
Results obtained with combination of parameters : 
un_year  :  1973.221 
un_max  :  0.8235729 
un_min  :  0.0382835 
uk  :  0.2484854 
th_edu  :  23.45772 
w_pnty  :  0.6305958 
post_edu  :  5.550251 
gamma  :  37.32205 
kappa  :  0.1623686 
d  :  0.0780395 
ini_d  :  5.309055 
diff_d  :  0.2498299 
d_norm  :  2.387916 
purpose  :  1 
