
Results obtained with combination of parameters : 
un_year  :  1973.118 
un_max  :  0.3971487 
un_min  :  0.02067165 
uk  :  0.1944502 
th_edu  :  18.94068 
w_pnty  :  0.3051505 
post_edu  :  3.10071 
gamma  :  44.46471 
kappa  :  0.8111156 
d  :  0.0562485 
ini_d  :  2.706717 
diff_d  :  0.1537164 
d_norm  :  2.599358 
purpose  :  1 
