
Results obtained with combination of parameters : 
un_year  :  1976.059 
un_max  :  0.4072 
un_min  :  0.03790461 
uk  :  0.1834109 
th_edu  :  20.79365 
w_pnty  :  0.4680359 
post_edu  :  6.244439 
gamma  :  37.87412 
kappa  :  0.1970915 
d  :  0.08347122 
ini_d  :  2.872886 
diff_d  :  0.2933557 
d_norm  :  1.862395 
purpose  :  1 
