
Results obtained with combination of parameters : 
un_year  :  1973.858 
un_max  :  0.744221 
un_min  :  0.02676695 
uk  :  0.1874163 
th_edu  :  16.83491 
w_pnty  :  0.6404568 
post_edu  :  7.699724 
gamma  :  40.14121 
kappa  :  0.6221503 
d  :  0.06452076 
ini_d  :  2.947798 
diff_d  :  0.2612457 
d_norm  :  1.844475 
purpose  :  1 
