
Results obtained with combination of parameters : 
un_year  :  1975.535 
un_max  :  0.6653812 
un_min  :  0.03127793 
uk  :  0.2055912 
th_edu  :  17.41208 
w_pnty  :  0.4004061 
post_edu  :  6.538413 
gamma  :  39.6146 
kappa  :  0.4306139 
d  :  0.05488699 
ini_d  :  4.719158 
diff_d  :  0.2852098 
d_norm  :  2.712041 
purpose  :  1 
