
Results obtained with combination of parameters : 
un_year  :  1979.398 
un_max  :  0.6633955 
un_min  :  0.02702559 
uk  :  0.1795591 
th_edu  :  14.96722 
w_pnty  :  0.6468336 
post_edu  :  5.929066 
gamma  :  39.76573 
kappa  :  0.4090831 
d  :  0.08182286 
ini_d  :  5.217791 
diff_d  :  0.2067003 
d_norm  :  2.649685 
purpose  :  1 
