
Results obtained with combination of parameters : 
un_year  :  1972.15 
un_max  :  0.8631321 
un_min  :  0.02516095 
uk  :  0.1419457 
th_edu  :  21.88732 
w_pnty  :  0.4126143 
post_edu  :  3.120957 
gamma  :  35.25895 
kappa  :  0.6073945 
d  :  0.08426972 
ini_d  :  5.489312 
diff_d  :  0.2044878 
d_norm  :  2.704571 
purpose  :  2 
