
Results obtained with combination of parameters : 
un_year  :  1976.577 
un_max  :  0.4624064 
un_min  :  0.03283809 
uk  :  0.2247688 
th_edu  :  16.73378 
w_pnty  :  0.5309475 
post_edu  :  7.39136 
gamma  :  39.9241 
kappa  :  0.4176027 
d  :  0.08428218 
ini_d  :  2.809452 
diff_d  :  0.2273084 
d_norm  :  1.721216 
purpose  :  2 
