
Results obtained with combination of parameters : 
un_year  :  1976.592 
un_max  :  0.4308293 
un_min  :  0.03457007 
uk  :  0.2098665 
th_edu  :  16.98295 
w_pnty  :  0.4469852 
post_edu  :  5.437685 
gamma  :  43.71006 
kappa  :  0.1041721 
d  :  0.05721368 
ini_d  :  2.816531 
diff_d  :  0.1749202 
d_norm  :  1.73142 
purpose  :  1 
