
Results obtained with combination of parameters : 
un_year  :  1975.52 
un_max  :  0.9185653 
un_min  :  0.02638497 
uk  :  0.1996282 
th_edu  :  18.8305 
w_pnty  :  0.5487779 
post_edu  :  4.395767 
gamma  :  39.46871 
kappa  :  0.3853169 
d  :  0.0727335 
ini_d  :  5.053281 
diff_d  :  0.2617383 
d_norm  :  2.717041 
purpose  :  1 
