
Results obtained with combination of parameters : 
un_year  :  1974.214 
un_max  :  0.7916815 
un_min  :  0.03337747 
uk  :  0.1535201 
th_edu  :  19.3764 
w_pnty  :  0.4612518 
post_edu  :  6.49172 
gamma  :  39.66289 
kappa  :  0.3277212 
d  :  0.06833277 
ini_d  :  5.067197 
diff_d  :  0.2695448 
d_norm  :  2.425662 
purpose  :  1 
