
Results obtained with combination of parameters : 
un_year  :  1976.073 
un_max  :  0.610854 
un_min  :  0.03008994 
uk  :  0.1936991 
th_edu  :  17.75662 
w_pnty  :  0.5620635 
post_edu  :  6.630369 
gamma  :  40.46353 
kappa  :  0.4406054 
d  :  0.07011715 
ini_d  :  2.864816 
diff_d  :  0.2461042 
d_norm  :  1.794048 
purpose  :  2 
