
Results obtained with combination of parameters : 
un_year  :  1974.035 
un_max  :  0.4428498 
un_min  :  0.03681768 
uk  :  0.1977431 
th_edu  :  17.92208 
w_pnty  :  0.5777847 
post_edu  :  7.811293 
gamma  :  37.91176 
kappa  :  0.4313455 
d  :  0.08234257 
ini_d  :  2.941244 
diff_d  :  0.1508165 
d_norm  :  1.790171 
purpose  :  1 
