
Results obtained with combination of parameters : 
un_year  :  1975.896 
un_max  :  0.3805481 
un_min  :  0.03441399 
uk  :  0.2705315 
th_edu  :  15.78859 
w_pnty  :  0.2678041 
post_edu  :  3.003461 
gamma  :  42.16441 
kappa  :  0.8946162 
d  :  0.03259605 
ini_d  :  2.757327 
diff_d  :  0.181796 
d_norm  :  2.203172 
purpose  :  1 
