
Results obtained with combination of parameters : 
un_year  :  1973.269 
un_max  :  0.5631651 
un_min  :  0.03391222 
uk  :  0.1967364 
th_edu  :  17.14342 
w_pnty  :  0.490495 
post_edu  :  6.188498 
gamma  :  42.92254 
kappa  :  0.4770965 
d  :  0.05566398 
ini_d  :  2.78312 
diff_d  :  0.2023781 
d_norm  :  1.972904 
purpose  :  1 
