
Results obtained with combination of parameters : 
un_year  :  1973.093 
un_max  :  0.4314365 
un_min  :  0.04470654 
uk  :  0.2564065 
th_edu  :  23.36321 
w_pnty  :  0.397655 
post_edu  :  3.235791 
gamma  :  40.80282 
kappa  :  0.8247757 
d  :  0.05403986 
ini_d  :  2.73761 
diff_d  :  0.1892616 
d_norm  :  2.276279 
purpose  :  1 
