
Results obtained with combination of parameters : 
un_year  :  1973.478 
un_max  :  0.6567158 
un_min  :  0.03061546 
uk  :  0.2342491 
th_edu  :  18.57589 
w_pnty  :  0.4002673 
post_edu  :  6.613631 
gamma  :  37.58669 
kappa  :  0.5619216 
d  :  0.06114292 
ini_d  :  2.903532 
diff_d  :  0.2884969 
d_norm  :  1.604489 
purpose  :  1 
