
Results obtained with combination of parameters : 
un_year  :  1978.953 
un_max  :  0.6541112 
un_min  :  0.03993031 
uk  :  0.10315 
th_edu  :  22.19232 
w_pnty  :  0.5270254 
post_edu  :  6.852202 
gamma  :  43.70103 
kappa  :  0.6151118 
d  :  0.05390912 
ini_d  :  4.871425 
diff_d  :  0.2590803 
d_norm  :  2.46876 
purpose  :  1 
