
Results obtained with combination of parameters : 
un_year  :  1972.863 
un_max  :  0.2934857 
un_min  :  0.02019922 
uk  :  0.2004109 
th_edu  :  20.75645 
w_pnty  :  0.4276716 
post_edu  :  3.260454 
gamma  :  40.62188 
kappa  :  0.8054135 
d  :  0.04316217 
ini_d  :  2.645453 
diff_d  :  0.1676859 
d_norm  :  2.541702 
purpose  :  1 
