
Results obtained with combination of parameters : 
un_year  :  1978.026 
un_max  :  0.7728568 
un_min  :  0.02684984 
uk  :  0.2500376 
th_edu  :  21.58539 
w_pnty  :  0.5005314 
post_edu  :  5.183178 
gamma  :  37.1411 
kappa  :  0.6829843 
d  :  0.08243248 
ini_d  :  4.938662 
diff_d  :  0.2252494 
d_norm  :  2.33944 
purpose  :  1 
