
Results obtained with combination of parameters : 
un_year  :  1976.041 
un_max  :  0.3514019 
un_min  :  0.03145153 
uk  :  0.1646863 
th_edu  :  17.11516 
w_pnty  :  0.5729607 
post_edu  :  5.038455 
gamma  :  42.87094 
kappa  :  0.1615625 
d  :  0.05964364 
ini_d  :  2.80814 
diff_d  :  0.2572243 
d_norm  :  1.624796 
purpose  :  1 
