
Results obtained with combination of parameters : 
un_year  :  1975.21 
un_max  :  0.9274049 
un_min  :  0.03010255 
uk  :  0.1246067 
th_edu  :  14.03834 
w_pnty  :  0.6848686 
post_edu  :  6.107278 
gamma  :  37.79989 
kappa  :  0.1404941 
d  :  0.07269478 
ini_d  :  5.45368 
diff_d  :  0.2544828 
d_norm  :  2.508962 
purpose  :  1 
