
Results obtained with combination of parameters : 
un_year  :  1975.336 
un_max  :  0.4319031 
un_min  :  0.04415282 
uk  :  0.2504604 
th_edu  :  23.48221 
w_pnty  :  0.3008252 
post_edu  :  3.071055 
gamma  :  41.05874 
kappa  :  0.7359243 
d  :  0.05914359 
ini_d  :  2.785138 
diff_d  :  0.1861214 
d_norm  :  2.201932 
purpose  :  1 
