
Results obtained with combination of parameters : 
un_year  :  1975.496 
un_max  :  0.4354161 
un_min  :  0.03902681 
uk  :  0.1504641 
th_edu  :  17.77698 
w_pnty  :  0.4731641 
post_edu  :  7.959947 
gamma  :  36.16819 
kappa  :  0.1797271 
d  :  0.05025215 
ini_d  :  2.756862 
diff_d  :  0.2683846 
d_norm  :  1.990029 
purpose  :  2 
