
Results obtained with combination of parameters : 
un_year  :  1974.572 
un_max  :  0.5366673 
un_min  :  0.02586477 
uk  :  0.2199965 
th_edu  :  19.84112 
w_pnty  :  0.4771857 
post_edu  :  7.570785 
gamma  :  35.9283 
kappa  :  0.5137154 
d  :  0.07042678 
ini_d  :  2.972631 
diff_d  :  0.2738725 
d_norm  :  1.710041 
purpose  :  1 
