
Results obtained with combination of parameters : 
un_year  :  1974.447 
un_max  :  0.8670025 
un_min  :  0.03057783 
uk  :  0.1533853 
th_edu  :  15.44908 
w_pnty  :  0.467621 
post_edu  :  3.135067 
gamma  :  42.38466 
kappa  :  0.181074 
d  :  0.05205079 
ini_d  :  5.40123 
diff_d  :  0.2487831 
d_norm  :  2.543469 
purpose  :  1 
