
Results obtained with combination of parameters : 
un_year  :  1975.238 
un_max  :  0.753978 
un_min  :  0.02939786 
uk  :  0.1680382 
th_edu  :  20.17237 
w_pnty  :  0.5107308 
post_edu  :  5.820814 
gamma  :  39.95764 
kappa  :  0.5333452 
d  :  0.08149062 
ini_d  :  4.99698 
diff_d  :  0.2670306 
d_norm  :  2.44749 
purpose  :  1 
