
Results obtained with combination of parameters : 
un_year  :  1973.656 
un_max  :  0.5976161 
un_min  :  0.02704379 
uk  :  0.151168 
th_edu  :  15.19037 
w_pnty  :  0.4491131 
post_edu  :  5.365595 
gamma  :  39.49766 
kappa  :  0.1386426 
d  :  0.0697226 
ini_d  :  2.872605 
diff_d  :  0.1665344 
d_norm  :  1.761719 
purpose  :  1 
