
Results obtained with combination of parameters : 
un_year  :  1973.318 
un_max  :  0.8427226 
un_min  :  0.02739465 
uk  :  0.1631153 
th_edu  :  20.36132 
w_pnty  :  0.4435465 
post_edu  :  6.423633 
gamma  :  36.84238 
kappa  :  0.3750637 
d  :  0.08107031 
ini_d  :  5.274808 
diff_d  :  0.2491774 
d_norm  :  2.456707 
purpose  :  1 
