
Results obtained with combination of parameters : 
un_year  :  1972.574 
un_max  :  0.2601557 
un_min  :  0.00716611 
uk  :  0.2636694 
th_edu  :  16.11276 
w_pnty  :  0.2895332 
post_edu  :  3.282358 
gamma  :  40.36558 
kappa  :  0.5171713 
d  :  0.04306527 
ini_d  :  2.637392 
diff_d  :  0.1913754 
d_norm  :  2.500173 
purpose  :  1 
