
Results obtained with combination of parameters : 
un_year  :  1973.423 
un_max  :  0.6466069 
un_min  :  0.0385536 
uk  :  0.1672257 
th_edu  :  22.93181 
w_pnty  :  0.6766922 
post_edu  :  6.560432 
gamma  :  40.93835 
kappa  :  0.2547321 
d  :  0.06378082 
ini_d  :  2.779411 
diff_d  :  0.2766506 
d_norm  :  1.728361 
purpose  :  1 
