
Results obtained with combination of parameters : 
un_year  :  1972.535 
un_max  :  0.7040957 
un_min  :  0.02881516 
uk  :  0.2500461 
th_edu  :  21.25706 
w_pnty  :  0.6617894 
post_edu  :  5.968775 
gamma  :  35.65467 
kappa  :  0.1116841 
d  :  0.08668663 
ini_d  :  2.888283 
diff_d  :  0.2522139 
d_norm  :  1.787052 
purpose  :  1 
