
Results obtained with combination of parameters : 
un_year  :  1975.585 
un_max  :  0.4432418 
un_min  :  0.02940081 
uk  :  0.2139475 
th_edu  :  19.49892 
w_pnty  :  0.434804 
post_edu  :  5.66873 
gamma  :  42.45002 
kappa  :  0.2037451 
d  :  0.06298956 
ini_d  :  2.734479 
diff_d  :  0.2588468 
d_norm  :  1.71206 
purpose  :  1 
