
Results obtained with combination of parameters : 
un_year  :  1971.509 
un_max  :  0.3655111 
un_min  :  0.006903875 
uk  :  0.2115675 
th_edu  :  17.58158 
w_pnty  :  0.3107615 
post_edu  :  3.722562 
gamma  :  43.25753 
kappa  :  0.264058 
d  :  0.03568849 
ini_d  :  2.929259 
diff_d  :  0.1890804 
d_norm  :  2.426876 
purpose  :  1 
