
Results obtained with combination of parameters : 
un_year  :  1976.682 
un_max  :  0.5621284 
un_min  :  0.03726861 
uk  :  0.2275515 
th_edu  :  16.23606 
w_pnty  :  0.4757059 
post_edu  :  5.628563 
gamma  :  42.1168 
kappa  :  0.2082474 
d  :  0.07418117 
ini_d  :  2.902539 
diff_d  :  0.2340239 
d_norm  :  1.845092 
purpose  :  1 
