
Results obtained with combination of parameters : 
un_year  :  1979.856 
un_max  :  0.7338105 
un_min  :  0.02872723 
uk  :  0.2656649 
th_edu  :  14.56715 
w_pnty  :  0.5403613 
post_edu  :  6.552367 
gamma  :  37.52231 
kappa  :  0.3058638 
d  :  0.05606085 
ini_d  :  4.967985 
diff_d  :  0.2985526 
d_norm  :  2.522416 
purpose  :  1 
