
Results obtained with combination of parameters : 
un_year  :  1974.292 
un_max  :  0.4178302 
un_min  :  0.03254806 
uk  :  0.1702397 
th_edu  :  20.38585 
w_pnty  :  0.5804393 
post_edu  :  6.464639 
gamma  :  40.47343 
kappa  :  0.3056473 
d  :  0.08514853 
ini_d  :  2.935833 
diff_d  :  0.2355721 
d_norm  :  1.919257 
purpose  :  1 
