
Results obtained with combination of parameters : 
un_year  :  1975.512 
un_max  :  0.2917389 
un_min  :  0.02484009 
uk  :  0.2492942 
th_edu  :  15.00245 
w_pnty  :  0.4521796 
post_edu  :  3.525829 
gamma  :  35.82493 
kappa  :  0.7497095 
d  :  0.0548925 
ini_d  :  2.871841 
diff_d  :  0.1737519 
d_norm  :  2.330198 
purpose  :  1 
