
Results obtained with combination of parameters : 
un_year  :  1974.916 
un_max  :  0.6933368 
un_min  :  0.03971545 
uk  :  0.1447149 
th_edu  :  14.53538 
w_pnty  :  0.6563911 
post_edu  :  5.948391 
gamma  :  37.02291 
kappa  :  0.5502112 
d  :  0.07562162 
ini_d  :  5.165542 
diff_d  :  0.2650327 
d_norm  :  2.312845 
purpose  :  1 
