
Results obtained with combination of parameters : 
un_year  :  1973.335 
un_max  :  0.6916325 
un_min  :  0.03533217 
uk  :  0.1775694 
th_edu  :  18.85288 
w_pnty  :  0.4249349 
post_edu  :  6.897538 
gamma  :  40.23603 
kappa  :  0.4400071 
d  :  0.07349486 
ini_d  :  2.943321 
diff_d  :  0.2964425 
d_norm  :  1.630561 
purpose  :  1 
