
Results obtained with combination of parameters : 
un_year  :  1976.359 
un_max  :  0.7973573 
un_min  :  0.02793995 
uk  :  0.2575492 
th_edu  :  21.77061 
w_pnty  :  0.5851412 
post_edu  :  6.807933 
gamma  :  37.08623 
kappa  :  0.1713871 
d  :  0.06617057 
ini_d  :  5.191296 
diff_d  :  0.2148894 
d_norm  :  2.345104 
purpose  :  1 
