
Results obtained with combination of parameters : 
un_year  :  1974.006 
un_max  :  0.417793 
un_min  :  0.006813337 
uk  :  0.2490753 
th_edu  :  21.20879 
w_pnty  :  0.2032561 
post_edu  :  4.121732 
gamma  :  37.18433 
kappa  :  0.3078703 
d  :  0.07011285 
ini_d  :  2.912658 
diff_d  :  0.1816517 
d_norm  :  2.500791 
purpose  :  1 
