
Results obtained with combination of parameters : 
un_year  :  1973.185 
un_max  :  0.4796852 
un_min  :  0.02588463 
uk  :  0.2216985 
th_edu  :  14.16666 
w_pnty  :  0.4236326 
post_edu  :  5.257946 
gamma  :  39.98509 
kappa  :  0.2570514 
d  :  0.08603079 
ini_d  :  2.836558 
diff_d  :  0.1996293 
d_norm  :  1.936168 
purpose  :  1 
