
Results obtained with combination of parameters : 
un_year  :  1973.262 
un_max  :  0.3247164 
un_min  :  0.04241166 
uk  :  0.2576612 
th_edu  :  15.03263 
w_pnty  :  0.3788178 
post_edu  :  3.700079 
gamma  :  40.71248 
kappa  :  0.6461873 
d  :  0.08740907 
ini_d  :  2.66599 
diff_d  :  0.1990337 
d_norm  :  2.350717 
purpose  :  1 
