
Results obtained with combination of parameters : 
un_year  :  1975.362 
un_max  :  0.3659179 
un_min  :  0.03469379 
uk  :  0.1708932 
th_edu  :  18.52767 
w_pnty  :  0.5826308 
post_edu  :  5.912985 
gamma  :  43.15446 
kappa  :  0.1148096 
d  :  0.07619748 
ini_d  :  2.925853 
diff_d  :  0.2021067 
d_norm  :  1.687807 
purpose  :  1 
