
Results obtained with combination of parameters : 
un_year  :  1972.409 
un_max  :  0.7406289 
un_min  :  0.02969692 
uk  :  0.2257863 
th_edu  :  22.37455 
w_pnty  :  0.5697189 
post_edu  :  7.471257 
gamma  :  40.16356 
kappa  :  0.56828 
d  :  0.07374469 
ini_d  :  2.827646 
diff_d  :  0.2422627 
d_norm  :  1.906497 
purpose  :  1 
