
Results obtained with combination of parameters : 
un_year  :  1975.979 
un_max  :  0.3430448 
un_min  :  0.03850267 
uk  :  0.2517619 
th_edu  :  18.02842 
w_pnty  :  0.5877299 
post_edu  :  3.488093 
gamma  :  35.01325 
kappa  :  0.2171503 
d  :  0.08299842 
ini_d  :  2.696786 
diff_d  :  0.1444362 
d_norm  :  2.59834 
purpose  :  2 
