
Results obtained with combination of parameters : 
un_year  :  1975.646 
un_max  :  0.4448957 
un_min  :  0.04302335 
uk  :  0.2573228 
th_edu  :  22.00195 
w_pnty  :  0.2015458 
post_edu  :  3.709143 
gamma  :  40.67408 
kappa  :  0.8910229 
d  :  0.06361483 
ini_d  :  2.604855 
diff_d  :  0.1738338 
d_norm  :  2.224912 
purpose  :  1 
