
Results obtained with combination of parameters : 
un_year  :  1979.083 
un_max  :  0.9027256 
un_min  :  0.03878742 
uk  :  0.1346218 
th_edu  :  16.82894 
w_pnty  :  0.6504268 
post_edu  :  6.683935 
gamma  :  37.10241 
kappa  :  0.393261 
d  :  0.06215066 
ini_d  :  5.428383 
diff_d  :  0.2751037 
d_norm  :  2.620074 
purpose  :  1 
