
Results obtained with combination of parameters : 
un_year  :  1974.915 
un_max  :  0.4208867 
un_min  :  0.02649132 
uk  :  0.1876612 
th_edu  :  16.38902 
w_pnty  :  0.487907 
post_edu  :  5.851297 
gamma  :  42.74552 
kappa  :  0.1393165 
d  :  0.06043596 
ini_d  :  2.776128 
diff_d  :  0.1910277 
d_norm  :  1.827651 
purpose  :  1 
