
Results obtained with combination of parameters : 
un_year  :  1978.807 
un_max  :  0.7893701 
un_min  :  0.0322274 
uk  :  0.1324428 
th_edu  :  20.94872 
w_pnty  :  0.5958677 
post_edu  :  4.353582 
gamma  :  36.33591 
kappa  :  0.5573863 
d  :  0.06184177 
ini_d  :  5.06274 
diff_d  :  0.2836098 
d_norm  :  2.680087 
purpose  :  1 
