
Results obtained with combination of parameters : 
un_year  :  1975.414 
un_max  :  0.386637 
un_min  :  0.03235167 
uk  :  0.2608288 
th_edu  :  17.37532 
w_pnty  :  0.5176549 
post_edu  :  7.302446 
gamma  :  40.95608 
kappa  :  0.1592413 
d  :  0.06782451 
ini_d  :  2.854097 
diff_d  :  0.1675374 
d_norm  :  1.760914 
purpose  :  1 
