
Results obtained with combination of parameters : 
un_year  :  1977.203 
un_max  :  0.7602018 
un_min  :  0.03122863 
uk  :  0.1392902 
th_edu  :  22.76569 
w_pnty  :  0.582978 
post_edu  :  3.415647 
gamma  :  44.76323 
kappa  :  0.6321984 
d  :  0.08158282 
ini_d  :  5.245185 
diff_d  :  0.2564413 
d_norm  :  2.489127 
purpose  :  1 
