
Results obtained with combination of parameters : 
un_year  :  1979.007 
un_max  :  0.7109454 
un_min  :  0.02745903 
uk  :  0.2664692 
th_edu  :  19.86781 
w_pnty  :  0.4720506 
post_edu  :  6.975779 
gamma  :  44.45153 
kappa  :  0.2392648 
d  :  0.07872744 
ini_d  :  4.761277 
diff_d  :  0.2769164 
d_norm  :  2.56243 
purpose  :  1 
