
Results obtained with combination of parameters : 
un_year  :  1975.335 
un_max  :  0.4579426 
un_min  :  0.03717902 
uk  :  0.1674134 
th_edu  :  16.53127 
w_pnty  :  0.6346999 
post_edu  :  6.526595 
gamma  :  36.4334 
kappa  :  0.3139939 
d  :  0.08947018 
ini_d  :  2.97343 
diff_d  :  0.2147352 
d_norm  :  1.937461 
purpose  :  1 
