
Results obtained with combination of parameters : 
un_year  :  1972.227 
un_max  :  0.6354227 
un_min  :  0.02807678 
uk  :  0.1969412 
th_edu  :  21.86201 
w_pnty  :  0.4028716 
post_edu  :  6.391746 
gamma  :  40.25483 
kappa  :  0.1886862 
d  :  0.05889415 
ini_d  :  2.724696 
diff_d  :  0.1569845 
d_norm  :  1.743974 
purpose  :  1 
