
Results obtained with combination of parameters : 
un_year  :  1975.725 
un_max  :  0.5381658 
un_min  :  0.02600684 
uk  :  0.2320472 
th_edu  :  18.35841 
w_pnty  :  0.5904446 
post_edu  :  6.487492 
gamma  :  41.02005 
kappa  :  0.547034 
d  :  0.05070036 
ini_d  :  2.907829 
diff_d  :  0.203099 
d_norm  :  1.970008 
purpose  :  1 
