
Results obtained with combination of parameters : 
un_year  :  1973.588 
un_max  :  0.6598386 
un_min  :  0.02734906 
uk  :  0.2450624 
th_edu  :  23.0763 
w_pnty  :  0.6486348 
post_edu  :  6.67998 
gamma  :  42.06662 
kappa  :  0.2931843 
d  :  0.07077139 
ini_d  :  2.964948 
diff_d  :  0.2777067 
d_norm  :  1.833118 
purpose  :  1 
