
Results obtained with combination of parameters : 
un_year  :  1979.313 
un_max  :  0.8173634 
un_min  :  0.0279819 
uk  :  0.2341648 
th_edu  :  22.7243 
w_pnty  :  0.620024 
post_edu  :  6.189606 
gamma  :  40.6358 
kappa  :  0.5947759 
d  :  0.07485119 
ini_d  :  4.926467 
diff_d  :  0.2528214 
d_norm  :  2.668789 
purpose  :  1 
