
Results obtained with combination of parameters : 
un_year  :  1976.686 
un_max  :  0.7378353 
un_min  :  0.02873525 
uk  :  0.2065742 
th_edu  :  14.48558 
w_pnty  :  0.6784246 
post_edu  :  5.371396 
gamma  :  38.63477 
kappa  :  0.4708154 
d  :  0.07106426 
ini_d  :  5.391773 
diff_d  :  0.2027762 
d_norm  :  2.700905 
purpose  :  1 
