
Results obtained with combination of parameters : 
un_year  :  1977.159 
un_max  :  0.6137827 
un_min  :  0.02812534 
uk  :  0.2550498 
th_edu  :  23.23017 
w_pnty  :  0.6599241 
post_edu  :  6.237089 
gamma  :  42.52349 
kappa  :  0.502836 
d  :  0.08978239 
ini_d  :  2.810317 
diff_d  :  0.268693 
d_norm  :  1.848413 
purpose  :  1 
