
Results obtained with combination of parameters : 
un_year  :  1977.343 
un_max  :  0.9444969 
un_min  :  0.02678582 
uk  :  0.107696 
th_edu  :  22.94812 
w_pnty  :  0.619185 
post_edu  :  4.518534 
gamma  :  35.35426 
kappa  :  0.4248032 
d  :  0.07724278 
ini_d  :  4.95061 
diff_d  :  0.2496704 
d_norm  :  2.38054 
purpose  :  1 
