
Results obtained with combination of parameters : 
un_year  :  1973.717 
un_max  :  0.4064781 
un_min  :  0.02146969 
uk  :  0.2524764 
th_edu  :  18.60754 
w_pnty  :  0.5324634 
post_edu  :  4.162157 
gamma  :  39.16395 
kappa  :  0.6560965 
d  :  0.07957833 
ini_d  :  2.911293 
diff_d  :  0.1897745 
d_norm  :  2.32647 
purpose  :  1 
