
Results obtained with combination of parameters : 
un_year  :  1974.458 
un_max  :  0.3988153 
un_min  :  0.02024976 
uk  :  0.2251054 
th_edu  :  22.24281 
w_pnty  :  0.3773257 
post_edu  :  3.47836 
gamma  :  36.73607 
kappa  :  0.8866428 
d  :  0.08420684 
ini_d  :  2.937371 
diff_d  :  0.160963 
d_norm  :  2.55867 
purpose  :  1 
