
Results obtained with combination of parameters : 
un_year  :  1974.961 
un_max  :  0.3875596 
un_min  :  0.04336447 
uk  :  0.190553 
th_edu  :  14.01151 
w_pnty  :  0.5724213 
post_edu  :  3.986214 
gamma  :  41.48233 
kappa  :  0.1354002 
d  :  0.03926799 
ini_d  :  2.626287 
diff_d  :  0.1422793 
d_norm  :  2.375053 
purpose  :  2 
