
Results obtained with combination of parameters : 
un_year  :  1972.45 
un_max  :  0.7143384 
un_min  :  0.0265677 
uk  :  0.2530101 
th_edu  :  22.2121 
w_pnty  :  0.6631959 
post_edu  :  6.960909 
gamma  :  42.597 
kappa  :  0.5261512 
d  :  0.0553379 
ini_d  :  2.970451 
diff_d  :  0.2281526 
d_norm  :  1.874746 
purpose  :  1 
