
Results obtained with combination of parameters : 
un_year  :  1977.581 
un_max  :  0.5437262 
un_min  :  0.0388044 
uk  :  0.2057473 
th_edu  :  23.45494 
w_pnty  :  0.5950828 
post_edu  :  5.241705 
gamma  :  40.56755 
kappa  :  0.459952 
d  :  0.05420986 
ini_d  :  2.9198 
diff_d  :  0.1600283 
d_norm  :  1.80077 
purpose  :  1 
