
Results obtained with combination of parameters : 
un_year  :  1976.408 
un_max  :  0.6328824 
un_min  :  0.03193558 
uk  :  0.1743022 
th_edu  :  17.36079 
w_pnty  :  0.565384 
post_edu  :  5.05719 
gamma  :  35.22665 
kappa  :  0.1235603 
d  :  0.06284687 
ini_d  :  2.796048 
diff_d  :  0.2211108 
d_norm  :  1.93989 
purpose  :  1 
