
Results obtained with combination of parameters : 
un_year  :  1972.017 
un_max  :  0.5587859 
un_min  :  0.03988121 
uk  :  0.196453 
th_edu  :  14.25044 
w_pnty  :  0.6782429 
post_edu  :  5.812824 
gamma  :  44.14815 
kappa  :  0.6299567 
d  :  0.05010588 
ini_d  :  2.988069 
diff_d  :  0.1667674 
d_norm  :  1.999409 
purpose  :  1 
