
Results obtained with combination of parameters : 
un_year  :  1973.369 
un_max  :  0.7436929 
un_min  :  0.02883267 
uk  :  0.1336431 
th_edu  :  18.53483 
w_pnty  :  0.5267261 
post_edu  :  3.674632 
gamma  :  43.37099 
kappa  :  0.1635835 
d  :  0.07113009 
ini_d  :  4.922557 
diff_d  :  0.2428275 
d_norm  :  2.43509 
purpose  :  1 
