
Results obtained with combination of parameters : 
un_year  :  1977.709 
un_max  :  0.6303602 
un_min  :  0.02578836 
uk  :  0.2177534 
th_edu  :  20.9994 
w_pnty  :  0.4489762 
post_edu  :  6.321253 
gamma  :  38.88049 
kappa  :  0.5558282 
d  :  0.06818011 
ini_d  :  2.91506 
diff_d  :  0.2241805 
d_norm  :  1.793658 
purpose  :  1 
