
Results obtained with combination of parameters : 
un_year  :  1972.433 
un_max  :  0.2751352 
un_min  :  0.005450154 
uk  :  0.2128252 
th_edu  :  21.45339 
w_pnty  :  0.3126514 
post_edu  :  3.716077 
gamma  :  39.77985 
kappa  :  0.5657788 
d  :  0.06669766 
ini_d  :  2.780112 
diff_d  :  0.1947086 
d_norm  :  2.515897 
purpose  :  1 
