
Results obtained with combination of parameters : 
un_year  :  1978.313 
un_max  :  0.6701973 
un_min  :  0.03208923 
uk  :  0.1931795 
th_edu  :  16.81743 
w_pnty  :  0.485697 
post_edu  :  4.461424 
gamma  :  41.77925 
kappa  :  0.5024767 
d  :  0.08540921 
ini_d  :  4.857386 
diff_d  :  0.2317099 
d_norm  :  2.408426 
purpose  :  1 
