
Results obtained with combination of parameters : 
un_year  :  1977.364 
un_max  :  0.4617927 
un_min  :  0.03499201 
uk  :  0.2658746 
th_edu  :  20.23085 
w_pnty  :  0.5575835 
post_edu  :  7.041741 
gamma  :  38.98787 
kappa  :  0.440998 
d  :  0.06689571 
ini_d  :  2.716425 
diff_d  :  0.211479 
d_norm  :  1.847172 
purpose  :  1 
