
Results obtained with combination of parameters : 
un_year  :  1977.694 
un_max  :  0.7211843 
un_min  :  0.03967269 
uk  :  0.209247 
th_edu  :  17.42642 
w_pnty  :  0.6548184 
post_edu  :  5.260997 
gamma  :  38.68437 
kappa  :  0.1299853 
d  :  0.07783879 
ini_d  :  2.888421 
diff_d  :  0.273203 
d_norm  :  1.623156 
purpose  :  1 
