
Results obtained with combination of parameters : 
un_year  :  1972.058 
un_max  :  0.671022 
un_min  :  0.03749641 
uk  :  0.2640596 
th_edu  :  21.41619 
w_pnty  :  0.6875736 
post_edu  :  7.980607 
gamma  :  40.92344 
kappa  :  0.6601946 
d  :  0.05251884 
ini_d  :  2.899808 
diff_d  :  0.2465648 
d_norm  :  1.604976 
purpose  :  1 
