
Results obtained with combination of parameters : 
un_year  :  1977.556 
un_max  :  0.6877918 
un_min  :  0.03944907 
uk  :  0.1367033 
th_edu  :  22.52935 
w_pnty  :  0.4081016 
post_edu  :  4.85379 
gamma  :  41.17373 
kappa  :  0.6232293 
d  :  0.0866526 
ini_d  :  5.399966 
diff_d  :  0.2853656 
d_norm  :  2.315056 
purpose  :  2 
