
Results obtained with combination of parameters : 
un_year  :  1977.152 
un_max  :  0.7011984 
un_min  :  0.03846213 
uk  :  0.2301229 
th_edu  :  15.45227 
w_pnty  :  0.4599689 
post_edu  :  7.355204 
gamma  :  43.05384 
kappa  :  0.6807507 
d  :  0.07525474 
ini_d  :  2.921424 
diff_d  :  0.2533573 
d_norm  :  1.754399 
purpose  :  1 
