
Results obtained with combination of parameters : 
un_year  :  1978.332 
un_max  :  0.8290868 
un_min  :  0.03059839 
uk  :  0.2419687 
th_edu  :  23.20614 
w_pnty  :  0.4107259 
post_edu  :  3.005629 
gamma  :  35.02957 
kappa  :  0.6925306 
d  :  0.05086137 
ini_d  :  5.473223 
diff_d  :  0.2088238 
d_norm  :  2.568151 
purpose  :  1 
