
Results obtained with combination of parameters : 
un_year  :  1976.406 
un_max  :  0.8526728 
un_min  :  0.03753636 
uk  :  0.2487635 
th_edu  :  15.67941 
w_pnty  :  0.6920026 
post_edu  :  5.387679 
gamma  :  41.68949 
kappa  :  0.2106007 
d  :  0.05078624 
ini_d  :  4.86024 
diff_d  :  0.2641348 
d_norm  :  2.506482 
purpose  :  1 
