
Results obtained with combination of parameters : 
un_year  :  1975.944 
un_max  :  0.2679576 
un_min  :  0.00943015 
uk  :  0.2597312 
th_edu  :  15.58002 
w_pnty  :  0.5910319 
post_edu  :  3.026157 
gamma  :  43.46015 
kappa  :  0.1665974 
d  :  0.04835006 
ini_d  :  2.621579 
diff_d  :  0.194042 
d_norm  :  2.48866 
purpose  :  1 
