
Results obtained with combination of parameters : 
un_year  :  1973.485 
un_max  :  0.4427503 
un_min  :  0.03852763 
uk  :  0.1975575 
th_edu  :  20.47022 
w_pnty  :  0.4307412 
post_edu  :  4.323839 
gamma  :  36.70927 
kappa  :  0.3848641 
d  :  0.03538919 
ini_d  :  2.940741 
diff_d  :  0.1617486 
d_norm  :  2.529413 
purpose  :  1 
