
Results obtained with combination of parameters : 
un_year  :  1972.83 
un_max  :  0.654873 
un_min  :  0.03468742 
uk  :  0.2525628 
th_edu  :  19.18093 
w_pnty  :  0.4936765 
post_edu  :  6.746765 
gamma  :  36.67398 
kappa  :  0.2544606 
d  :  0.08118144 
ini_d  :  5.201136 
diff_d  :  0.2402654 
d_norm  :  2.714269 
purpose  :  1 
