
Results obtained with combination of parameters : 
un_year  :  1973.804 
un_max  :  0.307227 
un_min  :  0.03432729 
uk  :  0.2743115 
th_edu  :  16.15021 
w_pnty  :  0.5008193 
post_edu  :  3.231251 
gamma  :  44.98649 
kappa  :  0.1152125 
d  :  0.07236244 
ini_d  :  2.629836 
diff_d  :  0.1808323 
d_norm  :  2.31931 
purpose  :  1 
