
Results obtained with combination of parameters : 
un_year  :  1976.885 
un_max  :  0.7995314 
un_min  :  0.03753035 
uk  :  0.2378829 
th_edu  :  16.37743 
w_pnty  :  0.4767461 
post_edu  :  5.976468 
gamma  :  39.27009 
kappa  :  0.3643228 
d  :  0.05026522 
ini_d  :  4.70708 
diff_d  :  0.2685324 
d_norm  :  2.624153 
purpose  :  1 
