
Results obtained with combination of parameters : 
un_year  :  1972.686 
un_max  :  0.391946 
un_min  :  0.0162256 
uk  :  0.2006082 
th_edu  :  18.17803 
w_pnty  :  0.3628632 
post_edu  :  3.11492 
gamma  :  36.36424 
kappa  :  0.2433413 
d  :  0.07524589 
ini_d  :  2.97022 
diff_d  :  0.1485696 
d_norm  :  2.522442 
purpose  :  1 
