
Results obtained with combination of parameters : 
un_year  :  1975.091 
un_max  :  0.4518726 
un_min  :  0.03332177 
uk  :  0.2224365 
th_edu  :  21.67094 
w_pnty  :  0.6764891 
post_edu  :  5.725189 
gamma  :  38.23326 
kappa  :  0.2688245 
d  :  0.05539865 
ini_d  :  2.977476 
diff_d  :  0.1881361 
d_norm  :  1.796522 
purpose  :  2 
