
Results obtained with combination of parameters : 
un_year  :  1975.803 
un_max  :  0.6199748 
un_min  :  0.03639902 
uk  :  0.1866808 
th_edu  :  19.15943 
w_pnty  :  0.4887484 
post_edu  :  7.975055 
gamma  :  37.35383 
kappa  :  0.4155214 
d  :  0.05169111 
ini_d  :  2.861488 
diff_d  :  0.2045992 
d_norm  :  1.784257 
purpose  :  1 
