
Results obtained with combination of parameters : 
un_year  :  1972.196 
un_max  :  0.3296549 
un_min  :  0.03329639 
uk  :  0.2560571 
th_edu  :  18.47037 
w_pnty  :  0.3489153 
post_edu  :  3.140991 
gamma  :  37.33541 
kappa  :  0.729497 
d  :  0.07201855 
ini_d  :  2.799221 
diff_d  :  0.1700427 
d_norm  :  2.502671 
purpose  :  1 
