
Results obtained with combination of parameters : 
un_year  :  1973.396 
un_max  :  0.9391195 
un_min  :  0.0282583 
uk  :  0.2471316 
th_edu  :  21.29228 
w_pnty  :  0.5009078 
post_edu  :  5.989713 
gamma  :  38.96155 
kappa  :  0.2449557 
d  :  0.08689155 
ini_d  :  5.217067 
diff_d  :  0.239344 
d_norm  :  2.318371 
purpose  :  1 
