
Results obtained with combination of parameters : 
un_year  :  1975.833 
un_max  :  0.685909 
un_min  :  0.0360268 
uk  :  0.1508307 
th_edu  :  22.30192 
w_pnty  :  0.5365145 
post_edu  :  5.433574 
gamma  :  39.47068 
kappa  :  0.4923466 
d  :  0.05846908 
ini_d  :  2.876679 
diff_d  :  0.2830668 
d_norm  :  1.965777 
purpose  :  1 
