
Results obtained with combination of parameters : 
un_year  :  1975.793 
un_max  :  0.5521746 
un_min  :  0.03748096 
uk  :  0.2343817 
th_edu  :  22.76554 
w_pnty  :  0.6745391 
post_edu  :  5.499273 
gamma  :  35.76304 
kappa  :  0.1440483 
d  :  0.07750715 
ini_d  :  2.92265 
diff_d  :  0.1833254 
d_norm  :  1.744614 
purpose  :  1 
