
Results obtained with combination of parameters : 
un_year  :  1975.239 
un_max  :  0.6346384 
un_min  :  0.0387405 
uk  :  0.266406 
th_edu  :  23.53538 
w_pnty  :  0.6309167 
post_edu  :  5.381168 
gamma  :  36.55446 
kappa  :  0.4546692 
d  :  0.07658815 
ini_d  :  2.958028 
diff_d  :  0.2925731 
d_norm  :  1.605873 
purpose  :  1 
