
Results obtained with combination of parameters : 
un_year  :  1975.583 
un_max  :  0.3522593 
un_min  :  0.03153428 
uk  :  0.2695925 
th_edu  :  19.92006 
w_pnty  :  0.3002515 
post_edu  :  4.121554 
gamma  :  38.65298 
kappa  :  0.2136539 
d  :  0.04673848 
ini_d  :  2.924417 
diff_d  :  0.1948029 
d_norm  :  2.592684 
purpose  :  1 
