
Results obtained with combination of parameters : 
un_year  :  1976.535 
un_max  :  0.7090137 
un_min  :  0.02670969 
uk  :  0.1774402 
th_edu  :  23.19454 
w_pnty  :  0.6831714 
post_edu  :  7.147326 
gamma  :  44.54133 
kappa  :  0.1635776 
d  :  0.06449613 
ini_d  :  2.91339 
diff_d  :  0.242455 
d_norm  :  1.682309 
purpose  :  2 
