
Results obtained with combination of parameters : 
un_year  :  1976.144 
un_max  :  0.9074057 
un_min  :  0.03438762 
uk  :  0.1669542 
th_edu  :  14.89073 
w_pnty  :  0.6812742 
post_edu  :  5.697158 
gamma  :  39.6056 
kappa  :  0.2923284 
d  :  0.0656898 
ini_d  :  4.874175 
diff_d  :  0.2552715 
d_norm  :  2.649119 
purpose  :  1 
