
Results obtained with combination of parameters : 
un_year  :  1978.712 
un_max  :  0.8098895 
un_min  :  0.02889512 
uk  :  0.1375132 
th_edu  :  16.38299 
w_pnty  :  0.6440649 
post_edu  :  5.981221 
gamma  :  42.12459 
kappa  :  0.4098637 
d  :  0.06394229 
ini_d  :  5.08001 
diff_d  :  0.2282861 
d_norm  :  2.537517 
purpose  :  1 
