
Results obtained with combination of parameters : 
un_year  :  1975.934 
un_max  :  0.4599273 
un_min  :  0.03383861 
uk  :  0.1887251 
th_edu  :  19.4635 
w_pnty  :  0.400499 
post_edu  :  6.382436 
gamma  :  42.91427 
kappa  :  0.2604225 
d  :  0.07287518 
ini_d  :  2.967147 
diff_d  :  0.1961982 
d_norm  :  1.9421 
purpose  :  1 
