
Results obtained with combination of parameters : 
un_year  :  1976.164 
un_max  :  0.9324054 
un_min  :  0.03152089 
uk  :  0.252355 
th_edu  :  18.27548 
w_pnty  :  0.5093432 
post_edu  :  6.496419 
gamma  :  44.15719 
kappa  :  0.1345226 
d  :  0.05793779 
ini_d  :  4.866952 
diff_d  :  0.2043726 
d_norm  :  2.696498 
purpose  :  1 
