
Results obtained with combination of parameters : 
un_year  :  1972.296 
un_max  :  0.4034856 
un_min  :  0.02107334 
uk  :  0.250052 
th_edu  :  20.52103 
w_pnty  :  0.5661799 
post_edu  :  3.878344 
gamma  :  36.61223 
kappa  :  0.7499155 
d  :  0.08792108 
ini_d  :  2.908107 
diff_d  :  0.1912818 
d_norm  :  2.206547 
purpose  :  1 
