
Results obtained with combination of parameters : 
un_year  :  1975.883 
un_max  :  0.6205662 
un_min  :  0.0316179 
uk  :  0.2354603 
th_edu  :  19.27174 
w_pnty  :  0.4816289 
post_edu  :  6.582101 
gamma  :  42.61463 
kappa  :  0.4322927 
d  :  0.06388111 
ini_d  :  2.886945 
diff_d  :  0.2321288 
d_norm  :  1.714339 
purpose  :  2 
