
Results obtained with combination of parameters : 
un_year  :  1971.77 
un_max  :  0.4323831 
un_min  :  0.02002016 
uk  :  0.1989106 
th_edu  :  20.9913 
w_pnty  :  0.2947237 
post_edu  :  3.224502 
gamma  :  43.82847 
kappa  :  0.7231516 
d  :  0.04826875 
ini_d  :  2.819394 
diff_d  :  0.1641696 
d_norm  :  2.309455 
purpose  :  1 
