
Results obtained with combination of parameters : 
un_year  :  1972.615 
un_max  :  0.7283023 
un_min  :  0.03978069 
uk  :  0.2600276 
th_edu  :  14.68528 
w_pnty  :  0.4114555 
post_edu  :  5.942146 
gamma  :  35.71532 
kappa  :  0.2809874 
d  :  0.07676822 
ini_d  :  5.419254 
diff_d  :  0.2684342 
d_norm  :  2.713347 
purpose  :  1 
