
Results obtained with combination of parameters : 
un_year  :  1973.938 
un_max  :  0.4470252 
un_min  :  0.02137612 
uk  :  0.2476652 
th_edu  :  19.61432 
w_pnty  :  0.5580362 
post_edu  :  4.384389 
gamma  :  35.6995 
kappa  :  0.6447691 
d  :  0.03979816 
ini_d  :  2.710581 
diff_d  :  0.1979616 
d_norm  :  2.270477 
purpose  :  1 
