
Results obtained with combination of parameters : 
un_year  :  1972.954 
un_max  :  0.7381529 
un_min  :  0.03993291 
uk  :  0.1700701 
th_edu  :  23.34018 
w_pnty  :  0.694785 
post_edu  :  5.006131 
gamma  :  43.44378 
kappa  :  0.1790891 
d  :  0.05687205 
ini_d  :  2.77045 
diff_d  :  0.2048517 
d_norm  :  1.629768 
purpose  :  1 
