
Results obtained with combination of parameters : 
un_year  :  1971.251 
un_max  :  0.2948255 
un_min  :  0.04425323 
uk  :  0.2600322 
th_edu  :  14.87329 
w_pnty  :  0.2396647 
post_edu  :  3.571736 
gamma  :  38.80349 
kappa  :  0.5419984 
d  :  0.0488809 
ini_d  :  2.810719 
diff_d  :  0.1838793 
d_norm  :  2.200233 
purpose  :  1 
