
Results obtained with combination of parameters : 
un_year  :  1973.019 
un_max  :  0.5874115 
un_min  :  0.03047059 
uk  :  0.2191834 
th_edu  :  17.48744 
w_pnty  :  0.526837 
post_edu  :  7.241548 
gamma  :  37.41422 
kappa  :  0.6043202 
d  :  0.0669626 
ini_d  :  2.721803 
diff_d  :  0.1890746 
d_norm  :  1.790618 
purpose  :  1 
