
Results obtained with combination of parameters : 
un_year  :  1971.792 
un_max  :  0.397782 
un_min  :  0.03391291 
uk  :  0.2039489 
th_edu  :  19.53053 
w_pnty  :  0.5428421 
post_edu  :  3.606784 
gamma  :  40.25185 
kappa  :  0.3274986 
d  :  0.0534465 
ini_d  :  2.809165 
diff_d  :  0.1458352 
d_norm  :  2.302858 
purpose  :  1 
