
Results obtained with combination of parameters : 
un_year  :  1975.358 
un_max  :  0.566714 
un_min  :  0.03181211 
uk  :  0.1727773 
th_edu  :  17.57922 
w_pnty  :  0.6785775 
post_edu  :  7.653182 
gamma  :  39.83613 
kappa  :  0.4034849 
d  :  0.08362889 
ini_d  :  2.991497 
diff_d  :  0.2809173 
d_norm  :  1.816024 
purpose  :  1 
