
Results obtained with combination of parameters : 
un_year  :  1972.681 
un_max  :  0.5044273 
un_min  :  0.03542152 
uk  :  0.2421532 
th_edu  :  23.23551 
w_pnty  :  0.6152589 
post_edu  :  6.205115 
gamma  :  40.99971 
kappa  :  0.545964 
d  :  0.05868654 
ini_d  :  2.957421 
diff_d  :  0.1528171 
d_norm  :  1.812123 
purpose  :  1 
