
Results obtained with combination of parameters : 
un_year  :  1974.182 
un_max  :  0.2898422 
un_min  :  0.03532345 
uk  :  0.2769755 
th_edu  :  15.03644 
w_pnty  :  0.3136135 
post_edu  :  3.729938 
gamma  :  43.75593 
kappa  :  0.57873 
d  :  0.03932767 
ini_d  :  2.807384 
diff_d  :  0.1404318 
d_norm  :  2.590607 
purpose  :  1 
