
Results obtained with combination of parameters : 
un_year  :  1974.326 
un_max  :  0.7825167 
un_min  :  0.02592574 
uk  :  0.1314346 
th_edu  :  19.28642 
w_pnty  :  0.6407482 
post_edu  :  4.814941 
gamma  :  35.56644 
kappa  :  0.2842354 
d  :  0.08979503 
ini_d  :  5.102116 
diff_d  :  0.2188654 
d_norm  :  2.31721 
purpose  :  1 
