
Results obtained with combination of parameters : 
un_year  :  1975.691 
un_max  :  0.2551108 
un_min  :  0.02603601 
uk  :  0.2047854 
th_edu  :  22.93695 
w_pnty  :  0.2117812 
post_edu  :  3.397418 
gamma  :  37.7918 
kappa  :  0.3606346 
d  :  0.06611689 
ini_d  :  2.656769 
diff_d  :  0.1584165 
d_norm  :  2.384898 
purpose  :  1 
