
Results obtained with combination of parameters : 
un_year  :  1972.33 
un_max  :  0.3571411 
un_min  :  0.01151911 
uk  :  0.1907854 
th_edu  :  21.75674 
w_pnty  :  0.5708303 
post_edu  :  3.240522 
gamma  :  39.68025 
kappa  :  0.8089488 
d  :  0.03940105 
ini_d  :  2.766265 
diff_d  :  0.1521745 
d_norm  :  2.484625 
purpose  :  1 
