
Results obtained with combination of parameters : 
un_year  :  1974.028 
un_max  :  0.5100347 
un_min  :  0.03645922 
uk  :  0.2208668 
th_edu  :  15.46802 
w_pnty  :  0.5443905 
post_edu  :  7.783921 
gamma  :  37.89564 
kappa  :  0.2599696 
d  :  0.07937526 
ini_d  :  2.911879 
diff_d  :  0.2026261 
d_norm  :  1.909838 
purpose  :  1 
