
Results obtained with combination of parameters : 
un_year  :  1974.085 
un_max  :  0.3841662 
un_min  :  0.03781859 
uk  :  0.2663022 
th_edu  :  16.33124 
w_pnty  :  0.5906767 
post_edu  :  7.648694 
gamma  :  40.8588 
kappa  :  0.4584109 
d  :  0.07499042 
ini_d  :  2.811498 
diff_d  :  0.1791087 
d_norm  :  1.778532 
purpose  :  1 
