
Results obtained with combination of parameters : 
un_year  :  1972.855 
un_max  :  0.3888314 
un_min  :  0.03772824 
uk  :  0.2362642 
th_edu  :  22.87488 
w_pnty  :  0.3777786 
post_edu  :  3.891152 
gamma  :  37.46678 
kappa  :  0.3149688 
d  :  0.06805532 
ini_d  :  2.752946 
diff_d  :  0.1448 
d_norm  :  2.570972 
purpose  :  1 
