
Results obtained with combination of parameters : 
un_year  :  1977.768 
un_max  :  0.7356342 
un_min  :  0.03226161 
uk  :  0.2039746 
th_edu  :  16.95555 
w_pnty  :  0.5746116 
post_edu  :  4.544312 
gamma  :  42.71911 
kappa  :  0.4027888 
d  :  0.08016645 
ini_d  :  5.166623 
diff_d  :  0.2138447 
d_norm  :  2.66159 
purpose  :  1 
