
Results obtained with combination of parameters : 
un_year  :  1975.747 
un_max  :  0.4189718 
un_min  :  0.03208397 
uk  :  0.2340722 
th_edu  :  15.24057 
w_pnty  :  0.2911347 
post_edu  :  4.068664 
gamma  :  37.45185 
kappa  :  0.8922975 
d  :  0.04659886 
ini_d  :  2.65491 
diff_d  :  0.1690188 
d_norm  :  2.596805 
purpose  :  1 
