
Results obtained with combination of parameters : 
un_year  :  1977.246 
un_max  :  0.6591966 
un_min  :  0.0378705 
uk  :  0.2221676 
th_edu  :  17.66489 
w_pnty  :  0.6152904 
post_edu  :  3.734699 
gamma  :  39.98889 
kappa  :  0.3549605 
d  :  0.08652824 
ini_d  :  5.269412 
diff_d  :  0.2873761 
d_norm  :  2.391748 
purpose  :  2 
