
Results obtained with combination of parameters : 
un_year  :  1975.821 
un_max  :  0.3846438 
un_min  :  0.03365683 
uk  :  0.2622525 
th_edu  :  22.49262 
w_pnty  :  0.2359525 
post_edu  :  3.679725 
gamma  :  42.63349 
kappa  :  0.6677436 
d  :  0.05685352 
ini_d  :  2.686175 
diff_d  :  0.1616489 
d_norm  :  2.391214 
purpose  :  1 
