
Results obtained with combination of parameters : 
un_year  :  1973.065 
un_max  :  0.306371 
un_min  :  0.02514863 
uk  :  0.1960092 
th_edu  :  14.83045 
w_pnty  :  0.5755279 
post_edu  :  3.736476 
gamma  :  39.88162 
kappa  :  0.8226714 
d  :  0.04910705 
ini_d  :  2.889728 
diff_d  :  0.1449823 
d_norm  :  2.294088 
purpose  :  1 
