
Results obtained with combination of parameters : 
un_year  :  1972.131 
un_max  :  0.3833297 
un_min  :  0.02272875 
uk  :  0.2265997 
th_edu  :  23.58421 
w_pnty  :  0.296909 
post_edu  :  3.242706 
gamma  :  41.13238 
kappa  :  0.8657954 
d  :  0.05964316 
ini_d  :  2.786352 
diff_d  :  0.189225 
d_norm  :  2.481332 
purpose  :  2 
