
Results obtained with combination of parameters : 
un_year  :  1974.249 
un_max  :  0.5108873 
un_min  :  0.03552993 
uk  :  0.2347217 
th_edu  :  17.97237 
w_pnty  :  0.472744 
post_edu  :  7.134123 
gamma  :  38.35599 
kappa  :  0.1713277 
d  :  0.05995921 
ini_d  :  2.976712 
diff_d  :  0.1572327 
d_norm  :  1.666405 
purpose  :  1 
