
Results obtained with combination of parameters : 
un_year  :  1972.898 
un_max  :  0.6773439 
un_min  :  0.02729867 
uk  :  0.1498134 
th_edu  :  21.10988 
w_pnty  :  0.4730592 
post_edu  :  4.975063 
gamma  :  36.42962 
kappa  :  0.2636506 
d  :  0.07997682 
ini_d  :  4.936235 
diff_d  :  0.2061549 
d_norm  :  2.435996 
purpose  :  1 
