
Results obtained with combination of parameters : 
un_year  :  1976.417 
un_max  :  0.7609655 
un_min  :  0.03731644 
uk  :  0.1562158 
th_edu  :  20.005 
w_pnty  :  0.4748403 
post_edu  :  5.540123 
gamma  :  43.09772 
kappa  :  0.4678197 
d  :  0.05060873 
ini_d  :  4.961359 
diff_d  :  0.2742205 
d_norm  :  2.446593 
purpose  :  1 
