
Results obtained with combination of parameters : 
un_year  :  1976.565 
un_max  :  0.9343194 
un_min  :  0.03746321 
uk  :  0.1073564 
th_edu  :  23.65053 
w_pnty  :  0.6635075 
post_edu  :  3.024034 
gamma  :  35.12349 
kappa  :  0.6773619 
d  :  0.05343532 
ini_d  :  5.398779 
diff_d  :  0.2787339 
d_norm  :  2.7616 
purpose  :  1 
