
Results obtained with combination of parameters : 
un_year  :  1975.105 
un_max  :  0.2567268 
un_min  :  0.008770849 
uk  :  0.2670288 
th_edu  :  14.10178 
w_pnty  :  0.2148835 
post_edu  :  3.007173 
gamma  :  36.53685 
kappa  :  0.8838875 
d  :  0.06413383 
ini_d  :  2.624007 
diff_d  :  0.1978276 
d_norm  :  2.409738 
purpose  :  1 
