
Results obtained with combination of parameters : 
un_year  :  1974.258 
un_max  :  0.597485 
un_min  :  0.03130869 
uk  :  0.2470562 
th_edu  :  17.70177 
w_pnty  :  0.6241752 
post_edu  :  5.868973 
gamma  :  41.51193 
kappa  :  0.3016094 
d  :  0.08808747 
ini_d  :  2.852086 
diff_d  :  0.2607524 
d_norm  :  1.741246 
purpose  :  1 
