
Results obtained with combination of parameters : 
un_year  :  1974.262 
un_max  :  0.3725179 
un_min  :  0.02610726 
uk  :  0.2283692 
th_edu  :  22.92111 
w_pnty  :  0.6349935 
post_edu  :  5.478989 
gamma  :  38.77925 
kappa  :  0.5605947 
d  :  0.06459106 
ini_d  :  2.890017 
diff_d  :  0.2063066 
d_norm  :  1.943458 
purpose  :  2 
