
Results obtained with combination of parameters : 
un_year  :  1975.282 
un_max  :  0.6609777 
un_min  :  0.03277394 
uk  :  0.1663075 
th_edu  :  20.54484 
w_pnty  :  0.4815959 
post_edu  :  6.428989 
gamma  :  37.92801 
kappa  :  0.1110431 
d  :  0.0622329 
ini_d  :  5.182679 
diff_d  :  0.2222068 
d_norm  :  2.525651 
purpose  :  1 
