
Results obtained with combination of parameters : 
un_year  :  1972.51 
un_max  :  0.7712984 
un_min  :  0.02867 
uk  :  0.2366651 
th_edu  :  22.05591 
w_pnty  :  0.6156428 
post_edu  :  6.1487 
gamma  :  37.7438 
kappa  :  0.1523107 
d  :  0.08628123 
ini_d  :  5.115968 
diff_d  :  0.2505606 
d_norm  :  2.648343 
purpose  :  1 
