
Results obtained with combination of parameters : 
un_year  :  1973.491 
un_max  :  0.3683605 
un_min  :  0.0292889 
uk  :  0.2066922 
th_edu  :  21.66906 
w_pnty  :  0.2770927 
post_edu  :  4.195193 
gamma  :  39.15692 
kappa  :  0.4016657 
d  :  0.07521893 
ini_d  :  2.897836 
diff_d  :  0.1544789 
d_norm  :  2.51977 
purpose  :  2 
