
Results obtained with combination of parameters : 
un_year  :  1977.905 
un_max  :  0.5988326 
un_min  :  0.03124603 
uk  :  0.2366936 
th_edu  :  19.20016 
w_pnty  :  0.5689739 
post_edu  :  5.663942 
gamma  :  38.24197 
kappa  :  0.5275273 
d  :  0.07700716 
ini_d  :  2.808776 
diff_d  :  0.212458 
d_norm  :  1.992576 
purpose  :  1 
