
Results obtained with combination of parameters : 
un_year  :  1975.188 
un_max  :  0.4308022 
un_min  :  0.01345291 
uk  :  0.243009 
th_edu  :  18.26779 
w_pnty  :  0.4380361 
post_edu  :  3.992092 
gamma  :  40.51328 
kappa  :  0.4319602 
d  :  0.04905119 
ini_d  :  2.812265 
diff_d  :  0.1510675 
d_norm  :  2.236924 
purpose  :  1 
