
Results obtained with combination of parameters : 
un_year  :  1977.109 
un_max  :  0.679857 
un_min  :  0.03248037 
uk  :  0.1096271 
th_edu  :  23.69214 
w_pnty  :  0.6693606 
post_edu  :  4.022928 
gamma  :  35.15415 
kappa  :  0.5734151 
d  :  0.08396523 
ini_d  :  5.220148 
diff_d  :  0.2080588 
d_norm  :  2.674363 
purpose  :  1 
