
Results obtained with combination of parameters : 
un_year  :  1972.564 
un_max  :  0.3600785 
un_min  :  0.01487921 
uk  :  0.2370387 
th_edu  :  22.81758 
w_pnty  :  0.4089023 
post_edu  :  3.498461 
gamma  :  44.56253 
kappa  :  0.5125846 
d  :  0.07194636 
ini_d  :  2.92575 
diff_d  :  0.1546968 
d_norm  :  2.590059 
purpose  :  1 
