
Results obtained with combination of parameters : 
un_year  :  1972.721 
un_max  :  0.277477 
un_min  :  0.03130531 
uk  :  0.2465074 
th_edu  :  22.02733 
w_pnty  :  0.427452 
post_edu  :  3.107916 
gamma  :  36.90608 
kappa  :  0.8720356 
d  :  0.05754209 
ini_d  :  2.834111 
diff_d  :  0.1723981 
d_norm  :  2.511153 
purpose  :  1 
