
Results obtained with combination of parameters : 
un_year  :  1974.268 
un_max  :  0.8091838 
un_min  :  0.0268684 
uk  :  0.2412685 
th_edu  :  21.44309 
w_pnty  :  0.4796179 
post_edu  :  4.651668 
gamma  :  38.79602 
kappa  :  0.540065 
d  :  0.06694041 
ini_d  :  4.887059 
diff_d  :  0.2924681 
d_norm  :  2.704471 
purpose  :  1 
