
Results obtained with combination of parameters : 
un_year  :  1973.406 
un_max  :  0.6778209 
un_min  :  0.02938818 
uk  :  0.2621306 
th_edu  :  22.55965 
w_pnty  :  0.5393283 
post_edu  :  3.870068 
gamma  :  43.05838 
kappa  :  0.6943555 
d  :  0.05030216 
ini_d  :  4.975199 
diff_d  :  0.2226966 
d_norm  :  2.447504 
purpose  :  2 
