
Results obtained with combination of parameters : 
un_year  :  1975.768 
un_max  :  0.4318859 
un_min  :  0.03579957 
uk  :  0.2102072 
th_edu  :  16.07927 
w_pnty  :  0.505744 
post_edu  :  6.571708 
gamma  :  41.64883 
kappa  :  0.2761233 
d  :  0.06405037 
ini_d  :  2.772592 
diff_d  :  0.1710884 
d_norm  :  1.730671 
purpose  :  1 
