
Results obtained with combination of parameters : 
un_year  :  1974.305 
un_max  :  0.2703834 
un_min  :  0.007405984 
uk  :  0.2069816 
th_edu  :  18.01462 
w_pnty  :  0.4946406 
post_edu  :  3.293197 
gamma  :  37.23153 
kappa  :  0.661568 
d  :  0.05866842 
ini_d  :  2.779639 
diff_d  :  0.175972 
d_norm  :  2.392155 
purpose  :  1 
