
Results obtained with combination of parameters : 
un_year  :  1976.931 
un_max  :  0.4059869 
un_min  :  0.03612062 
uk  :  0.1524094 
th_edu  :  19.79781 
w_pnty  :  0.4407196 
post_edu  :  6.366376 
gamma  :  38.02026 
kappa  :  0.2397378 
d  :  0.06559814 
ini_d  :  2.863187 
diff_d  :  0.2179531 
d_norm  :  1.923557 
purpose  :  1 
