
Results obtained with combination of parameters : 
un_year  :  1977.642 
un_max  :  0.3964052 
un_min  :  0.03867991 
uk  :  0.1618161 
th_edu  :  16.56653 
w_pnty  :  0.6159105 
post_edu  :  7.370707 
gamma  :  37.12913 
kappa  :  0.1584589 
d  :  0.08161849 
ini_d  :  2.985292 
diff_d  :  0.2278479 
d_norm  :  1.978892 
purpose  :  1 
