
Results obtained with combination of parameters : 
un_year  :  1972.07 
un_max  :  0.5128517 
un_min  :  0.02834477 
uk  :  0.2539364 
th_edu  :  15.36051 
w_pnty  :  0.553804 
post_edu  :  5.692329 
gamma  :  39.48496 
kappa  :  0.6483244 
d  :  0.05938646 
ini_d  :  2.843617 
diff_d  :  0.2105754 
d_norm  :  1.74607 
purpose  :  2 
