
Results obtained with combination of parameters : 
un_year  :  1974.265 
un_max  :  0.3578446 
un_min  :  0.04104704 
uk  :  0.2598339 
th_edu  :  19.66203 
w_pnty  :  0.5701879 
post_edu  :  3.923317 
gamma  :  38.60795 
kappa  :  0.3816976 
d  :  0.0576412 
ini_d  :  2.724855 
diff_d  :  0.1625111 
d_norm  :  2.419755 
purpose  :  1 
