
Results obtained with combination of parameters : 
un_year  :  1974.247 
un_max  :  0.4104161 
un_min  :  0.0177796 
uk  :  0.2053931 
th_edu  :  14.56417 
w_pnty  :  0.5144098 
post_edu  :  3.130392 
gamma  :  35.97305 
kappa  :  0.1836586 
d  :  0.03654929 
ini_d  :  2.861029 
diff_d  :  0.1912169 
d_norm  :  2.417201 
purpose  :  1 
