
Results obtained with combination of parameters : 
un_year  :  1976.511 
un_max  :  0.4485307 
un_min  :  0.03696497 
uk  :  0.2678726 
th_edu  :  16.59753 
w_pnty  :  0.4370529 
post_edu  :  6.028327 
gamma  :  36.41239 
kappa  :  0.168997 
d  :  0.05758358 
ini_d  :  2.821449 
diff_d  :  0.1994349 
d_norm  :  1.787612 
purpose  :  1 
