
Results obtained with combination of parameters : 
un_year  :  1972.809 
un_max  :  0.4067412 
un_min  :  0.007226856 
uk  :  0.2452362 
th_edu  :  15.99999 
w_pnty  :  0.5254275 
post_edu  :  4.009879 
gamma  :  44.08581 
kappa  :  0.8146227 
d  :  0.08678128 
ini_d  :  2.85053 
diff_d  :  0.1961615 
d_norm  :  2.562976 
purpose  :  2 
