
Results obtained with combination of parameters : 
un_year  :  1971.439 
un_max  :  0.3842286 
un_min  :  0.04086882 
uk  :  0.2274564 
th_edu  :  23.72883 
w_pnty  :  0.3851771 
post_edu  :  3.985473 
gamma  :  41.79227 
kappa  :  0.3431431 
d  :  0.05981724 
ini_d  :  2.989202 
diff_d  :  0.1759326 
d_norm  :  2.253254 
purpose  :  1 
