
Results obtained with combination of parameters : 
un_year  :  1974.45 
un_max  :  0.3374931 
un_min  :  0.03770164 
uk  :  0.2272619 
th_edu  :  19.73038 
w_pnty  :  0.4771003 
post_edu  :  3.915981 
gamma  :  37.89335 
kappa  :  0.5381937 
d  :  0.04285274 
ini_d  :  2.915939 
diff_d  :  0.1847818 
d_norm  :  2.313607 
purpose  :  1 
