
Results obtained with combination of parameters : 
un_year  :  1975.3 
un_max  :  0.6817275 
un_min  :  0.03590188 
uk  :  0.2115764 
th_edu  :  23.86306 
w_pnty  :  0.4738244 
post_edu  :  7.004292 
gamma  :  35.43835 
kappa  :  0.4265271 
d  :  0.06293042 
ini_d  :  2.733414 
diff_d  :  0.2850452 
d_norm  :  1.814357 
purpose  :  1 
