
Results obtained with combination of parameters : 
un_year  :  1977.604 
un_max  :  0.467977 
un_min  :  0.02920224 
uk  :  0.2410404 
th_edu  :  16.82121 
w_pnty  :  0.6245445 
post_edu  :  6.740746 
gamma  :  43.93855 
kappa  :  0.5095831 
d  :  0.08760971 
ini_d  :  2.828354 
diff_d  :  0.1644558 
d_norm  :  1.984847 
purpose  :  1 
