
Results obtained with combination of parameters : 
un_year  :  1975.654 
un_max  :  0.7325982 
un_min  :  0.03651392 
uk  :  0.1655854 
th_edu  :  14.9798 
w_pnty  :  0.488689 
post_edu  :  6.675031 
gamma  :  40.4301 
kappa  :  0.2129277 
d  :  0.05823164 
ini_d  :  5.146558 
diff_d  :  0.2387742 
d_norm  :  2.360536 
purpose  :  1 
