
Results obtained with combination of parameters : 
un_year  :  1976.975 
un_max  :  0.6462714 
un_min  :  0.02522842 
uk  :  0.245311 
th_edu  :  19.66008 
w_pnty  :  0.5054965 
post_edu  :  7.760655 
gamma  :  39.95455 
kappa  :  0.1404778 
d  :  0.0855866 
ini_d  :  2.706429 
diff_d  :  0.2117659 
d_norm  :  1.749758 
purpose  :  1 
