
Results obtained with combination of parameters : 
un_year  :  1975.75 
un_max  :  0.6147801 
un_min  :  0.02990659 
uk  :  0.2474422 
th_edu  :  14.94123 
w_pnty  :  0.6247645 
post_edu  :  7.672988 
gamma  :  37.66961 
kappa  :  0.5227949 
d  :  0.05390435 
ini_d  :  2.703197 
diff_d  :  0.1734976 
d_norm  :  1.765511 
purpose  :  1 
