
Results obtained with combination of parameters : 
un_year  :  1971.679 
un_max  :  0.3651728 
un_min  :  0.01762114 
uk  :  0.2103171 
th_edu  :  16.64496 
w_pnty  :  0.2629443 
post_edu  :  3.803764 
gamma  :  35.44782 
kappa  :  0.6307766 
d  :  0.04472884 
ini_d  :  2.67833 
diff_d  :  0.1878157 
d_norm  :  2.518074 
purpose  :  2 
