
Results obtained with combination of parameters : 
un_year  :  1972.39 
un_max  :  0.4361642 
un_min  :  0.01949777 
uk  :  0.2585548 
th_edu  :  14.99526 
w_pnty  :  0.5101686 
post_edu  :  4.329965 
gamma  :  42.53746 
kappa  :  0.3558574 
d  :  0.0323098 
ini_d  :  2.921602 
diff_d  :  0.182631 
d_norm  :  2.296966 
purpose  :  1 
