
Results obtained with combination of parameters : 
un_year  :  1975.683 
un_max  :  0.5550078 
un_min  :  0.03458828 
uk  :  0.1713622 
th_edu  :  15.20186 
w_pnty  :  0.5928196 
post_edu  :  6.650114 
gamma  :  43.55295 
kappa  :  0.6376426 
d  :  0.08317866 
ini_d  :  2.759148 
diff_d  :  0.1767389 
d_norm  :  1.66756 
purpose  :  1 
