
Results obtained with combination of parameters : 
un_year  :  1978.578 
un_max  :  0.8668217 
un_min  :  0.02584659 
uk  :  0.2070687 
th_edu  :  20.53759 
w_pnty  :  0.6389008 
post_edu  :  3.129487 
gamma  :  39.85556 
kappa  :  0.633697 
d  :  0.07784769 
ini_d  :  4.845346 
diff_d  :  0.2436144 
d_norm  :  2.463231 
purpose  :  1 
