
Results obtained with combination of parameters : 
un_year  :  1973.073 
un_max  :  0.8158483 
un_min  :  0.03087497 
uk  :  0.19073 
th_edu  :  19.67629 
w_pnty  :  0.6904641 
post_edu  :  4.401828 
gamma  :  44.4116 
kappa  :  0.5398286 
d  :  0.07836473 
ini_d  :  5.292404 
diff_d  :  0.201931 
d_norm  :  2.465808 
purpose  :  1 
