
Results obtained with combination of parameters : 
un_year  :  1971.892 
un_max  :  0.4375089 
un_min  :  0.005221448 
uk  :  0.2793535 
th_edu  :  14.3358 
w_pnty  :  0.2440248 
post_edu  :  4.174868 
gamma  :  36.54165 
kappa  :  0.7286833 
d  :  0.03461143 
ini_d  :  2.710225 
diff_d  :  0.1555185 
d_norm  :  2.217088 
purpose  :  2 
