
Results obtained with combination of parameters : 
un_year  :  1972.662 
un_max  :  0.3075456 
un_min  :  0.02381911 
uk  :  0.2307074 
th_edu  :  23.20175 
w_pnty  :  0.2829817 
post_edu  :  3.523882 
gamma  :  41.21926 
kappa  :  0.2865799 
d  :  0.08381292 
ini_d  :  2.685578 
diff_d  :  0.1533834 
d_norm  :  2.421991 
purpose  :  1 
