
Results obtained with combination of parameters : 
un_year  :  1974.116 
un_max  :  0.8057073 
un_min  :  0.02505757 
uk  :  0.1776739 
th_edu  :  16.53108 
w_pnty  :  0.5971854 
post_edu  :  5.329648 
gamma  :  37.28591 
kappa  :  0.1604346 
d  :  0.07604397 
ini_d  :  4.714055 
diff_d  :  0.2770947 
d_norm  :  2.420398 
purpose  :  1 
