
Results obtained with combination of parameters : 
un_year  :  1973.862 
un_max  :  0.4385851 
un_min  :  0.03846195 
uk  :  0.2655459 
th_edu  :  16.39544 
w_pnty  :  0.5586251 
post_edu  :  3.354836 
gamma  :  43.87189 
kappa  :  0.6926119 
d  :  0.04342519 
ini_d  :  2.660567 
diff_d  :  0.176864 
d_norm  :  2.410232 
purpose  :  1 
