
Results obtained with combination of parameters : 
un_year  :  1976.498 
un_max  :  0.6710815 
un_min  :  0.02786627 
uk  :  0.2174426 
th_edu  :  22.35739 
w_pnty  :  0.4423419 
post_edu  :  6.119669 
gamma  :  42.05307 
kappa  :  0.453326 
d  :  0.06603922 
ini_d  :  5.112743 
diff_d  :  0.2171277 
d_norm  :  2.684277 
purpose  :  1 
