
Results obtained with combination of parameters : 
un_year  :  1972.049 
un_max  :  0.5375525 
un_min  :  0.03231094 
uk  :  0.2079228 
th_edu  :  21.82557 
w_pnty  :  0.4310706 
post_edu  :  5.805884 
gamma  :  41.20774 
kappa  :  0.4196143 
d  :  0.06569851 
ini_d  :  2.745026 
diff_d  :  0.281758 
d_norm  :  1.737283 
purpose  :  1 
