
Results obtained with combination of parameters : 
un_year  :  1974.978 
un_max  :  0.8878199 
un_min  :  0.03695577 
uk  :  0.2515682 
th_edu  :  17.90362 
w_pnty  :  0.4360753 
post_edu  :  4.055521 
gamma  :  36.7722 
kappa  :  0.3360925 
d  :  0.06086795 
ini_d  :  4.854907 
diff_d  :  0.2499649 
d_norm  :  2.595768 
purpose  :  1 
