
Results obtained with combination of parameters : 
un_year  :  1973.974 
un_max  :  0.4222305 
un_min  :  0.01853635 
uk  :  0.2141044 
th_edu  :  18.91311 
w_pnty  :  0.2891261 
post_edu  :  4.361749 
gamma  :  36.11733 
kappa  :  0.822214 
d  :  0.05557189 
ini_d  :  2.98729 
diff_d  :  0.1818019 
d_norm  :  2.424189 
purpose  :  1 
