
Results obtained with combination of parameters : 
un_year  :  1973.718 
un_max  :  0.4361261 
un_min  :  0.02503784 
uk  :  0.2373018 
th_edu  :  18.48973 
w_pnty  :  0.5668379 
post_edu  :  7.990025 
gamma  :  37.90395 
kappa  :  0.1638435 
d  :  0.08560759 
ini_d  :  2.811685 
diff_d  :  0.1889721 
d_norm  :  1.745 
purpose  :  1 
