
Results obtained with combination of parameters : 
un_year  :  1976.624 
un_max  :  0.3551584 
un_min  :  0.02749355 
uk  :  0.2338957 
th_edu  :  14.32042 
w_pnty  :  0.4105768 
post_edu  :  7.776966 
gamma  :  35.08812 
kappa  :  0.5177193 
d  :  0.05081061 
ini_d  :  2.815086 
diff_d  :  0.2196532 
d_norm  :  1.684087 
purpose  :  1 
