
Results obtained with combination of parameters : 
un_year  :  1973.981 
un_max  :  0.3360088 
un_min  :  0.00861346 
uk  :  0.1970424 
th_edu  :  20.55105 
w_pnty  :  0.4723037 
post_edu  :  3.202162 
gamma  :  44.60577 
kappa  :  0.4252366 
d  :  0.06710978 
ini_d  :  2.878892 
diff_d  :  0.1834783 
d_norm  :  2.520739 
purpose  :  1 
