
Results obtained with combination of parameters : 
un_year  :  1975.594 
un_max  :  0.3993379 
un_min  :  0.006975217 
uk  :  0.200191 
th_edu  :  21.91217 
w_pnty  :  0.4154544 
post_edu  :  3.592651 
gamma  :  39.1996 
kappa  :  0.8802664 
d  :  0.05234439 
ini_d  :  2.985193 
diff_d  :  0.199486 
d_norm  :  2.222158 
purpose  :  1 
