
Results obtained with combination of parameters : 
un_year  :  1976.896 
un_max  :  0.5282473 
un_min  :  0.03357077 
uk  :  0.2534334 
th_edu  :  23.89433 
w_pnty  :  0.6451483 
post_edu  :  6.925937 
gamma  :  41.07748 
kappa  :  0.187385 
d  :  0.07836985 
ini_d  :  2.780511 
diff_d  :  0.2451851 
d_norm  :  1.946351 
purpose  :  1 
