
Results obtained with combination of parameters : 
un_year  :  1976.159 
un_max  :  0.6245963 
un_min  :  0.02828195 
uk  :  0.1993979 
th_edu  :  21.74178 
w_pnty  :  0.5138623 
post_edu  :  6.388786 
gamma  :  38.83743 
kappa  :  0.3987032 
d  :  0.0581617 
ini_d  :  2.925493 
diff_d  :  0.2501328 
d_norm  :  1.739749 
purpose  :  1 
