
Results obtained with combination of parameters : 
un_year  :  1973.71 
un_max  :  0.791209 
un_min  :  0.03017312 
uk  :  0.1191728 
th_edu  :  17.46907 
w_pnty  :  0.4542339 
post_edu  :  3.273884 
gamma  :  37.26314 
kappa  :  0.636997 
d  :  0.05866807 
ini_d  :  5.299977 
diff_d  :  0.2189962 
d_norm  :  2.760764 
purpose  :  1 
