
Results obtained with combination of parameters : 
un_year  :  1974.825 
un_max  :  0.7408965 
un_min  :  0.02541904 
uk  :  0.1288003 
th_edu  :  18.50765 
w_pnty  :  0.5689806 
post_edu  :  4.373226 
gamma  :  44.58505 
kappa  :  0.1477174 
d  :  0.0539509 
ini_d  :  4.853057 
diff_d  :  0.2507804 
d_norm  :  2.491382 
purpose  :  1 
