
Results obtained with combination of parameters : 
un_year  :  1971.853 
un_max  :  0.4452994 
un_min  :  0.009789381 
uk  :  0.2015672 
th_edu  :  23.18617 
w_pnty  :  0.5569147 
post_edu  :  4.157452 
gamma  :  35.43659 
kappa  :  0.519092 
d  :  0.04387221 
ini_d  :  2.956241 
diff_d  :  0.1925604 
d_norm  :  2.424765 
purpose  :  1 
