
Results obtained with combination of parameters : 
un_year  :  1974.735 
un_max  :  0.7767909 
un_min  :  0.03744186 
uk  :  0.2508598 
th_edu  :  23.57469 
w_pnty  :  0.568613 
post_edu  :  6.622965 
gamma  :  40.52541 
kappa  :  0.2316098 
d  :  0.06298029 
ini_d  :  5.240004 
diff_d  :  0.2055454 
d_norm  :  2.321909 
purpose  :  1 
