
Results obtained with combination of parameters : 
un_year  :  1975.292 
un_max  :  0.3051776 
un_min  :  0.0397987 
uk  :  0.1955612 
th_edu  :  21.25702 
w_pnty  :  0.2287886 
post_edu  :  3.919731 
gamma  :  42.05906 
kappa  :  0.8794149 
d  :  0.07365659 
ini_d  :  2.774398 
diff_d  :  0.1731094 
d_norm  :  2.337799 
purpose  :  1 
