
Results obtained with combination of parameters : 
un_year  :  1973.726 
un_max  :  0.6509523 
un_min  :  0.03771057 
uk  :  0.2408749 
th_edu  :  21.37804 
w_pnty  :  0.4525242 
post_edu  :  5.276043 
gamma  :  35.09309 
kappa  :  0.2611601 
d  :  0.05884858 
ini_d  :  2.835127 
diff_d  :  0.2289883 
d_norm  :  1.642269 
purpose  :  1 
