
Results obtained with combination of parameters : 
un_year  :  1971.455 
un_max  :  0.392085 
un_min  :  0.02236054 
uk  :  0.2746368 
th_edu  :  21.85911 
w_pnty  :  0.5287305 
post_edu  :  3.001692 
gamma  :  43.01487 
kappa  :  0.4140154 
d  :  0.04744518 
ini_d  :  2.754284 
diff_d  :  0.1901379 
d_norm  :  2.240156 
purpose  :  1 
