
Results obtained with combination of parameters : 
un_year  :  1974.707 
un_max  :  0.4089158 
un_min  :  0.01990111 
uk  :  0.1913078 
th_edu  :  16.97465 
w_pnty  :  0.4504295 
post_edu  :  3.383722 
gamma  :  37.30845 
kappa  :  0.2114817 
d  :  0.0389316 
ini_d  :  2.901496 
diff_d  :  0.1730477 
d_norm  :  2.304534 
purpose  :  1 
