
Results obtained with combination of parameters : 
un_year  :  1974.481 
un_max  :  0.4060217 
un_min  :  0.007998364 
uk  :  0.1961113 
th_edu  :  19.43784 
w_pnty  :  0.5136178 
post_edu  :  4.294132 
gamma  :  36.32224 
kappa  :  0.5107021 
d  :  0.03701216 
ini_d  :  2.801599 
diff_d  :  0.1814111 
d_norm  :  2.36672 
purpose  :  1 
