
Results obtained with combination of parameters : 
un_year  :  1974.693 
un_max  :  0.2503481 
un_min  :  0.03762681 
uk  :  0.201986 
th_edu  :  23.31185 
w_pnty  :  0.2021646 
post_edu  :  3.875464 
gamma  :  43.37869 
kappa  :  0.8750145 
d  :  0.08744101 
ini_d  :  2.917122 
diff_d  :  0.1998975 
d_norm  :  2.443406 
purpose  :  2 
