
Results obtained with combination of parameters : 
un_year  :  1973.445 
un_max  :  0.4450199 
un_min  :  0.03126368 
uk  :  0.1572533 
th_edu  :  14.83511 
w_pnty  :  0.6602917 
post_edu  :  7.398447 
gamma  :  44.33673 
kappa  :  0.6472586 
d  :  0.06860813 
ini_d  :  2.707312 
diff_d  :  0.2746672 
d_norm  :  1.632874 
purpose  :  1 
