
Results obtained with combination of parameters : 
un_year  :  1974.378 
un_max  :  0.2668959 
un_min  :  0.01927187 
uk  :  0.2060538 
th_edu  :  14.02705 
w_pnty  :  0.332948 
post_edu  :  3.151661 
gamma  :  41.88801 
kappa  :  0.8887286 
d  :  0.03417242 
ini_d  :  2.674995 
diff_d  :  0.186046 
d_norm  :  2.506186 
purpose  :  1 
