
Results obtained with combination of parameters : 
un_year  :  1977.795 
un_max  :  0.617446 
un_min  :  0.02777931 
uk  :  0.2555634 
th_edu  :  18.83178 
w_pnty  :  0.6579368 
post_edu  :  7.432565 
gamma  :  36.48597 
kappa  :  0.6800364 
d  :  0.05159178 
ini_d  :  2.731778 
diff_d  :  0.183818 
d_norm  :  1.611276 
purpose  :  1 
