
Results obtained with combination of parameters : 
un_year  :  1971.617 
un_max  :  0.3159459 
un_min  :  0.0155859 
uk  :  0.2536772 
th_edu  :  15.06731 
w_pnty  :  0.5014147 
post_edu  :  3.16831 
gamma  :  40.09972 
kappa  :  0.476721 
d  :  0.05649875 
ini_d  :  2.648042 
diff_d  :  0.1469258 
d_norm  :  2.296135 
purpose  :  1 
