
Results obtained with combination of parameters : 
un_year  :  1975.519 
un_max  :  0.2595222 
un_min  :  0.02950683 
uk  :  0.2091108 
th_edu  :  14.00497 
w_pnty  :  0.2478346 
post_edu  :  3.058288 
gamma  :  37.95526 
kappa  :  0.8678244 
d  :  0.03190974 
ini_d  :  2.703126 
diff_d  :  0.1962882 
d_norm  :  2.522813 
purpose  :  1 
