
Results obtained with combination of parameters : 
un_year  :  1973.747 
un_max  :  0.3652895 
un_min  :  0.01803283 
uk  :  0.2428881 
th_edu  :  22.40057 
w_pnty  :  0.2486474 
post_edu  :  3.832699 
gamma  :  41.53397 
kappa  :  0.1575223 
d  :  0.08007218 
ini_d  :  2.765898 
diff_d  :  0.1925274 
d_norm  :  2.579455 
purpose  :  1 
