
Results obtained with combination of parameters : 
un_year  :  1975.845 
un_max  :  0.6364737 
un_min  :  0.03395984 
uk  :  0.1592946 
th_edu  :  16.1659 
w_pnty  :  0.545619 
post_edu  :  5.289652 
gamma  :  36.26144 
kappa  :  0.572186 
d  :  0.07427923 
ini_d  :  2.954682 
diff_d  :  0.289626 
d_norm  :  1.734341 
purpose  :  1 
