
Results obtained with combination of parameters : 
un_year  :  1975.62 
un_max  :  0.8978705 
un_min  :  0.02792613 
uk  :  0.1693214 
th_edu  :  15.51325 
w_pnty  :  0.4100373 
post_edu  :  4.868196 
gamma  :  37.21138 
kappa  :  0.6914545 
d  :  0.06037887 
ini_d  :  4.726307 
diff_d  :  0.2610279 
d_norm  :  2.733525 
purpose  :  1 
