
Results obtained with combination of parameters : 
un_year  :  1975.128 
un_max  :  0.6691651 
un_min  :  0.03874547 
uk  :  0.2044619 
th_edu  :  15.94544 
w_pnty  :  0.5416316 
post_edu  :  5.500351 
gamma  :  37.23596 
kappa  :  0.5441832 
d  :  0.07636116 
ini_d  :  4.926688 
diff_d  :  0.2681385 
d_norm  :  2.612363 
purpose  :  1 
