
Results obtained with combination of parameters : 
un_year  :  1973.298 
un_max  :  0.8947516 
un_min  :  0.02711695 
uk  :  0.1319892 
th_edu  :  23.91159 
w_pnty  :  0.6081802 
post_edu  :  3.176917 
gamma  :  44.60539 
kappa  :  0.5077298 
d  :  0.08557501 
ini_d  :  5.481749 
diff_d  :  0.2772789 
d_norm  :  2.693033 
purpose  :  1 
