
Results obtained with combination of parameters : 
un_year  :  1971.156 
un_max  :  0.3475489 
un_min  :  0.03980492 
uk  :  0.2733103 
th_edu  :  23.01235 
w_pnty  :  0.4031233 
post_edu  :  3.68837 
gamma  :  38.47542 
kappa  :  0.5780151 
d  :  0.07615234 
ini_d  :  2.638128 
diff_d  :  0.1479807 
d_norm  :  2.30592 
purpose  :  1 
