
Results obtained with combination of parameters : 
un_year  :  1974.879 
un_max  :  0.2658379 
un_min  :  0.02347276 
uk  :  0.2676857 
th_edu  :  16.41036 
w_pnty  :  0.5485811 
post_edu  :  4.479367 
gamma  :  36.25362 
kappa  :  0.4577873 
d  :  0.08397599 
ini_d  :  2.785978 
diff_d  :  0.1988715 
d_norm  :  2.323508 
purpose  :  1 
