
Results obtained with combination of parameters : 
un_year  :  1971.185 
un_max  :  0.3910289 
un_min  :  0.01784031 
uk  :  0.231092 
th_edu  :  22.21689 
w_pnty  :  0.3797314 
post_edu  :  3.620956 
gamma  :  41.17817 
kappa  :  0.4660609 
d  :  0.04112228 
ini_d  :  2.777097 
diff_d  :  0.1504395 
d_norm  :  2.479149 
purpose  :  1 
