
Results obtained with combination of parameters : 
un_year  :  1973.104 
un_max  :  0.9154754 
un_min  :  0.03151365 
uk  :  0.2151248 
th_edu  :  19.9505 
w_pnty  :  0.5450635 
post_edu  :  4.614011 
gamma  :  44.11991 
kappa  :  0.1894251 
d  :  0.07142596 
ini_d  :  5.034321 
diff_d  :  0.2767095 
d_norm  :  2.409023 
purpose  :  1 
