
Results obtained with combination of parameters : 
un_year  :  1979.587 
un_max  :  0.8608709 
un_min  :  0.03534276 
uk  :  0.2009174 
th_edu  :  20.43203 
w_pnty  :  0.466939 
post_edu  :  5.48383 
gamma  :  37.34818 
kappa  :  0.676239 
d  :  0.08573519 
ini_d  :  4.701901 
diff_d  :  0.2321417 
d_norm  :  2.36889 
purpose  :  1 
