
Results obtained with combination of parameters : 
un_year  :  1975.227 
un_max  :  0.3868115 
un_min  :  0.02446237 
uk  :  0.2321433 
th_edu  :  23.11653 
w_pnty  :  0.4812966 
post_edu  :  3.105634 
gamma  :  44.92163 
kappa  :  0.6478537 
d  :  0.06451814 
ini_d  :  2.841868 
diff_d  :  0.1932456 
d_norm  :  2.333653 
purpose  :  1 
