
Results obtained with combination of parameters : 
un_year  :  1972.591 
un_max  :  0.3864821 
un_min  :  0.0253926 
uk  :  0.2599799 
th_edu  :  22.71348 
w_pnty  :  0.5715105 
post_edu  :  4.247239 
gamma  :  37.40822 
kappa  :  0.4825867 
d  :  0.08306751 
ini_d  :  2.882698 
diff_d  :  0.1934714 
d_norm  :  2.326859 
purpose  :  1 
