
Results obtained with combination of parameters : 
un_year  :  1976.674 
un_max  :  0.5132732 
un_min  :  0.03032925 
uk  :  0.2681957 
th_edu  :  23.56198 
w_pnty  :  0.5985468 
post_edu  :  5.748909 
gamma  :  39.15487 
kappa  :  0.3178032 
d  :  0.05363694 
ini_d  :  2.830858 
diff_d  :  0.1752949 
d_norm  :  1.800417 
purpose  :  1 
