
Results obtained with combination of parameters : 
un_year  :  1976.969 
un_max  :  0.7124342 
un_min  :  0.03290711 
uk  :  0.1958143 
th_edu  :  18.87468 
w_pnty  :  0.5439548 
post_edu  :  5.619708 
gamma  :  41.22723 
kappa  :  0.3290311 
d  :  0.08266627 
ini_d  :  4.768803 
diff_d  :  0.275994 
d_norm  :  2.496136 
purpose  :  1 
