
Results obtained with combination of parameters : 
un_year  :  1975.372 
un_max  :  0.6993693 
un_min  :  0.03839205 
uk  :  0.2279312 
th_edu  :  17.15496 
w_pnty  :  0.6834835 
post_edu  :  7.415121 
gamma  :  38.46634 
kappa  :  0.6458993 
d  :  0.05501312 
ini_d  :  2.761571 
diff_d  :  0.2447769 
d_norm  :  1.634114 
purpose  :  1 
