
Results obtained with combination of parameters : 
un_year  :  1973.938 
un_max  :  0.3827829 
un_min  :  0.03306052 
uk  :  0.2151735 
th_edu  :  19.00098 
w_pnty  :  0.6065297 
post_edu  :  6.491709 
gamma  :  42.78193 
kappa  :  0.5632785 
d  :  0.05743329 
ini_d  :  2.933145 
diff_d  :  0.1972023 
d_norm  :  1.648679 
purpose  :  1 
