
Results obtained with combination of parameters : 
un_year  :  1975.094 
un_max  :  0.4340237 
un_min  :  0.03276175 
uk  :  0.1905296 
th_edu  :  21.87577 
w_pnty  :  0.3961054 
post_edu  :  4.206415 
gamma  :  39.06499 
kappa  :  0.5304582 
d  :  0.07192837 
ini_d  :  2.705808 
diff_d  :  0.1880549 
d_norm  :  2.246179 
purpose  :  1 
