
Results obtained with combination of parameters : 
un_year  :  1974.96 
un_max  :  0.3425677 
un_min  :  0.02294965 
uk  :  0.2434714 
th_edu  :  22.46094 
w_pnty  :  0.3122046 
post_edu  :  4.423029 
gamma  :  38.7467 
kappa  :  0.6300649 
d  :  0.07208085 
ini_d  :  2.723901 
diff_d  :  0.1864187 
d_norm  :  2.54596 
purpose  :  1 
