
Results obtained with combination of parameters : 
un_year  :  1973.82 
un_max  :  0.4515505 
un_min  :  0.0361685 
uk  :  0.235728 
th_edu  :  18.26719 
w_pnty  :  0.5298537 
post_edu  :  7.112722 
gamma  :  39.51687 
kappa  :  0.2946603 
d  :  0.06170623 
ini_d  :  2.934978 
diff_d  :  0.2089766 
d_norm  :  1.787502 
purpose  :  1 
