
Results obtained with combination of parameters : 
un_year  :  1976.618 
un_max  :  0.6534034 
un_min  :  0.03756867 
uk  :  0.2697178 
th_edu  :  15.13973 
w_pnty  :  0.6595235 
post_edu  :  5.677311 
gamma  :  37.45686 
kappa  :  0.6924774 
d  :  0.05134808 
ini_d  :  2.743287 
diff_d  :  0.2849864 
d_norm  :  1.642761 
purpose  :  2 
