
Results obtained with combination of parameters : 
un_year  :  1973.661 
un_max  :  0.6946591 
un_min  :  0.03705077 
uk  :  0.1052472 
th_edu  :  20.79262 
w_pnty  :  0.4710591 
post_edu  :  4.376486 
gamma  :  43.46214 
kappa  :  0.6270368 
d  :  0.07683776 
ini_d  :  4.833301 
diff_d  :  0.2906361 
d_norm  :  2.304318 
purpose  :  1 
