
Results obtained with combination of parameters : 
un_year  :  1972.035 
un_max  :  0.2862658 
un_min  :  0.03819661 
uk  :  0.2007936 
th_edu  :  20.86286 
w_pnty  :  0.2983354 
post_edu  :  4.404847 
gamma  :  39.90133 
kappa  :  0.7863433 
d  :  0.08534404 
ini_d  :  2.754785 
diff_d  :  0.1935344 
d_norm  :  2.32049 
purpose  :  2 
