
Results obtained with combination of parameters : 
un_year  :  1972.398 
un_max  :  0.2749096 
un_min  :  0.03482882 
uk  :  0.2786311 
th_edu  :  23.00936 
w_pnty  :  0.2066638 
post_edu  :  4.491391 
gamma  :  43.31691 
kappa  :  0.1686949 
d  :  0.03562499 
ini_d  :  2.620413 
diff_d  :  0.1994134 
d_norm  :  2.219666 
purpose  :  1 
