
Results obtained with combination of parameters : 
un_year  :  1974.419 
un_max  :  0.3093561 
un_min  :  0.01480562 
uk  :  0.2532318 
th_edu  :  15.10645 
w_pnty  :  0.5521537 
post_edu  :  4.433858 
gamma  :  36.8599 
kappa  :  0.6215065 
d  :  0.06630438 
ini_d  :  2.676784 
diff_d  :  0.1952891 
d_norm  :  2.237872 
purpose  :  1 
