
Results obtained with combination of parameters : 
un_year  :  1974.092 
un_max  :  0.4259689 
un_min  :  0.02794574 
uk  :  0.1997409 
th_edu  :  22.04349 
w_pnty  :  0.5453213 
post_edu  :  6.698695 
gamma  :  43.63702 
kappa  :  0.4173166 
d  :  0.05948214 
ini_d  :  2.78175 
diff_d  :  0.1846829 
d_norm  :  1.913999 
purpose  :  1 
