
Results obtained with combination of parameters : 
un_year  :  1975.045 
un_max  :  0.6678291 
un_min  :  0.02705923 
uk  :  0.2121824 
th_edu  :  22.64134 
w_pnty  :  0.4504149 
post_edu  :  3.247578 
gamma  :  43.52996 
kappa  :  0.5571688 
d  :  0.08753712 
ini_d  :  5.078267 
diff_d  :  0.2599609 
d_norm  :  2.799179 
purpose  :  1 
