
Results obtained with combination of parameters : 
un_year  :  1975.418 
un_max  :  0.7279359 
un_min  :  0.02870735 
uk  :  0.2609649 
th_edu  :  23.61543 
w_pnty  :  0.6077808 
post_edu  :  5.102486 
gamma  :  36.05939 
kappa  :  0.6850763 
d  :  0.08070911 
ini_d  :  2.755847 
diff_d  :  0.2962594 
d_norm  :  1.988703 
purpose  :  2 
