
Results obtained with combination of parameters : 
un_year  :  1972.159 
un_max  :  0.3861856 
un_min  :  0.005878928 
uk  :  0.2420124 
th_edu  :  20.30559 
w_pnty  :  0.2673403 
post_edu  :  3.862833 
gamma  :  40.3946 
kappa  :  0.261213 
d  :  0.08831563 
ini_d  :  2.955354 
diff_d  :  0.1472976 
d_norm  :  2.577801 
purpose  :  1 
