
Results obtained with combination of parameters : 
un_year  :  1973.45 
un_max  :  0.3709566 
un_min  :  0.02039474 
uk  :  0.2323515 
th_edu  :  23.4094 
w_pnty  :  0.4127026 
post_edu  :  4.140668 
gamma  :  36.07809 
kappa  :  0.3882239 
d  :  0.03288211 
ini_d  :  2.720027 
diff_d  :  0.1726981 
d_norm  :  2.312625 
purpose  :  1 
