
Results obtained with combination of parameters : 
un_year  :  1974.123 
un_max  :  0.5352869 
un_min  :  0.03625381 
uk  :  0.1987337 
th_edu  :  14.59994 
w_pnty  :  0.4589556 
post_edu  :  5.776189 
gamma  :  43.31086 
kappa  :  0.142893 
d  :  0.05831755 
ini_d  :  2.839173 
diff_d  :  0.2533308 
d_norm  :  1.806067 
purpose  :  1 
