
Results obtained with combination of parameters : 
un_year  :  1974.155 
un_max  :  0.3337857 
un_min  :  0.02363905 
uk  :  0.2133359 
th_edu  :  15.12167 
w_pnty  :  0.5150622 
post_edu  :  3.644438 
gamma  :  39.36367 
kappa  :  0.5359342 
d  :  0.03769692 
ini_d  :  2.893199 
diff_d  :  0.1801058 
d_norm  :  2.311925 
purpose  :  1 
