
Results obtained with combination of parameters : 
un_year  :  1973.768 
un_max  :  0.6781884 
un_min  :  0.03226103 
uk  :  0.2523982 
th_edu  :  19.11133 
w_pnty  :  0.5790466 
post_edu  :  5.111984 
gamma  :  42.34198 
kappa  :  0.199159 
d  :  0.07580611 
ini_d  :  2.7873 
diff_d  :  0.2720216 
d_norm  :  1.727244 
purpose  :  1 
