
Results obtained with combination of parameters : 
un_year  :  1975.121 
un_max  :  0.2611657 
un_min  :  0.04042875 
uk  :  0.2447947 
th_edu  :  14.28329 
w_pnty  :  0.3561579 
post_edu  :  3.000824 
gamma  :  44.66714 
kappa  :  0.3804275 
d  :  0.08314354 
ini_d  :  2.748437 
diff_d  :  0.142794 
d_norm  :  2.240971 
purpose  :  1 
