
Results obtained with combination of parameters : 
un_year  :  1974.251 
un_max  :  0.2951187 
un_min  :  0.02249455 
uk  :  0.2214385 
th_edu  :  16.84962 
w_pnty  :  0.5264052 
post_edu  :  3.623515 
gamma  :  37.57829 
kappa  :  0.5854255 
d  :  0.05231586 
ini_d  :  2.804183 
diff_d  :  0.1434598 
d_norm  :  2.324891 
purpose  :  1 
