
Results obtained with combination of parameters : 
un_year  :  1974.071 
un_max  :  0.2733608 
un_min  :  0.01675653 
uk  :  0.2036906 
th_edu  :  21.90701 
w_pnty  :  0.4587009 
post_edu  :  3.395931 
gamma  :  37.01643 
kappa  :  0.5487438 
d  :  0.03128909 
ini_d  :  2.659107 
diff_d  :  0.1859385 
d_norm  :  2.566187 
purpose  :  1 
