
Results obtained with combination of parameters : 
un_year  :  1976.313 
un_max  :  0.6024063 
un_min  :  0.03588244 
uk  :  0.2322324 
th_edu  :  21.34461 
w_pnty  :  0.4711256 
post_edu  :  6.37614 
gamma  :  36.96947 
kappa  :  0.1015499 
d  :  0.05369148 
ini_d  :  2.721239 
diff_d  :  0.2853512 
d_norm  :  1.9395 
purpose  :  1 
