
Results obtained with combination of parameters : 
un_year  :  1972.875 
un_max  :  0.6631003 
un_min  :  0.02599389 
uk  :  0.2308668 
th_edu  :  23.54684 
w_pnty  :  0.4140132 
post_edu  :  6.468483 
gamma  :  42.22287 
kappa  :  0.4471584 
d  :  0.0653009 
ini_d  :  5.340972 
diff_d  :  0.206081 
d_norm  :  2.720147 
purpose  :  1 
