
Results obtained with combination of parameters : 
un_year  :  1975.626 
un_max  :  0.5300895 
un_min  :  0.02554092 
uk  :  0.2352792 
th_edu  :  23.01825 
w_pnty  :  0.6424598 
post_edu  :  6.855914 
gamma  :  42.51464 
kappa  :  0.2019912 
d  :  0.05556879 
ini_d  :  2.747024 
diff_d  :  0.157098 
d_norm  :  1.680919 
purpose  :  1 
