
Results obtained with combination of parameters : 
un_year  :  1971.805 
un_max  :  0.2691038 
un_min  :  0.02297953 
uk  :  0.2074379 
th_edu  :  15.70702 
w_pnty  :  0.5695996 
post_edu  :  3.181733 
gamma  :  41.51625 
kappa  :  0.4698668 
d  :  0.08738263 
ini_d  :  2.734414 
diff_d  :  0.148416 
d_norm  :  2.587008 
purpose  :  1 
