
Results obtained with combination of parameters : 
un_year  :  1973.49 
un_max  :  0.8082336 
un_min  :  0.03636455 
uk  :  0.2167882 
th_edu  :  15.95753 
w_pnty  :  0.6622324 
post_edu  :  4.791913 
gamma  :  41.94522 
kappa  :  0.5712273 
d  :  0.0790791 
ini_d  :  4.776207 
diff_d  :  0.2818773 
d_norm  :  2.583484 
purpose  :  2 
