
Results obtained with combination of parameters : 
un_year  :  1974.697 
un_max  :  0.3547872 
un_min  :  0.0275743 
uk  :  0.2303617 
th_edu  :  19.10762 
w_pnty  :  0.4823975 
post_edu  :  4.266878 
gamma  :  43.96811 
kappa  :  0.163958 
d  :  0.0758354 
ini_d  :  2.787967 
diff_d  :  0.1494365 
d_norm  :  2.365946 
purpose  :  1 
