
Results obtained with combination of parameters : 
un_year  :  1972.083 
un_max  :  0.7371045 
un_min  :  0.03957106 
uk  :  0.256199 
th_edu  :  22.47108 
w_pnty  :  0.6508356 
post_edu  :  7.508559 
gamma  :  36.46589 
kappa  :  0.5381779 
d  :  0.05514138 
ini_d  :  2.972824 
diff_d  :  0.1846603 
d_norm  :  1.611854 
purpose  :  1 
