
Results obtained with combination of parameters : 
un_year  :  1972.584 
un_max  :  0.8718089 
un_min  :  0.03910275 
uk  :  0.2374228 
th_edu  :  18.45094 
w_pnty  :  0.5714166 
post_edu  :  3.410144 
gamma  :  35.73943 
kappa  :  0.273742 
d  :  0.05704252 
ini_d  :  5.236408 
diff_d  :  0.2736214 
d_norm  :  2.754211 
purpose  :  1 
