
Results obtained with combination of parameters : 
un_year  :  1979.634 
un_max  :  0.7089325 
un_min  :  0.0256956 
uk  :  0.1628112 
th_edu  :  14.4441 
w_pnty  :  0.6700178 
post_edu  :  3.063648 
gamma  :  42.86323 
kappa  :  0.5189543 
d  :  0.05866041 
ini_d  :  5.29768 
diff_d  :  0.2406708 
d_norm  :  2.606766 
purpose  :  1 
