
Results obtained with combination of parameters : 
un_year  :  1972.613 
un_max  :  0.4608626 
un_min  :  0.02626379 
uk  :  0.2199529 
th_edu  :  20.53067 
w_pnty  :  0.4233742 
post_edu  :  7.678207 
gamma  :  39.78981 
kappa  :  0.1380176 
d  :  0.05612341 
ini_d  :  2.818733 
diff_d  :  0.2916813 
d_norm  :  1.706073 
purpose  :  2 
