
Results obtained with combination of parameters : 
un_year  :  1976.751 
un_max  :  0.4101736 
un_min  :  0.03969217 
uk  :  0.2370461 
th_edu  :  17.20766 
w_pnty  :  0.586218 
post_edu  :  7.898715 
gamma  :  37.48475 
kappa  :  0.1774543 
d  :  0.07322167 
ini_d  :  2.980455 
diff_d  :  0.1554176 
d_norm  :  1.924326 
purpose  :  1 
