
Results obtained with combination of parameters : 
un_year  :  1974.581 
un_max  :  0.6609488 
un_min  :  0.02761051 
uk  :  0.2048553 
th_edu  :  17.32682 
w_pnty  :  0.6585122 
post_edu  :  5.355574 
gamma  :  39.77691 
kappa  :  0.4391051 
d  :  0.06655447 
ini_d  :  2.81305 
diff_d  :  0.2139133 
d_norm  :  1.694392 
purpose  :  1 
