
Results obtained with combination of parameters : 
un_year  :  1975.991 
un_max  :  0.9145221 
un_min  :  0.03405704 
uk  :  0.1712024 
th_edu  :  22.88402 
w_pnty  :  0.5196345 
post_edu  :  4.027133 
gamma  :  41.92612 
kappa  :  0.5609334 
d  :  0.06130188 
ini_d  :  4.813857 
diff_d  :  0.2343749 
d_norm  :  2.64526 
purpose  :  2 
