
Results obtained with combination of parameters : 
un_year  :  1972.025 
un_max  :  0.3771558 
un_min  :  0.01838028 
uk  :  0.2327449 
th_edu  :  19.80553 
w_pnty  :  0.3644975 
post_edu  :  3.645128 
gamma  :  42.18527 
kappa  :  0.3036325 
d  :  0.08033368 
ini_d  :  2.841571 
diff_d  :  0.1557412 
d_norm  :  2.575144 
purpose  :  1 
