
Results obtained with combination of parameters : 
un_year  :  1973.347 
un_max  :  0.3032997 
un_min  :  0.01821095 
uk  :  0.2148662 
th_edu  :  17.33791 
w_pnty  :  0.2123467 
post_edu  :  4.16108 
gamma  :  37.08336 
kappa  :  0.5218091 
d  :  0.03198487 
ini_d  :  2.888486 
diff_d  :  0.1694769 
d_norm  :  2.204506 
purpose  :  1 
