
Results obtained with combination of parameters : 
un_year  :  1976.946 
un_max  :  0.4084115 
un_min  :  0.03647279 
uk  :  0.2548611 
th_edu  :  16.14201 
w_pnty  :  0.533933 
post_edu  :  6.35244 
gamma  :  43.18198 
kappa  :  0.5357397 
d  :  0.08176953 
ini_d  :  2.993406 
diff_d  :  0.2314592 
d_norm  :  1.821228 
purpose  :  1 
