
Results obtained with combination of parameters : 
un_year  :  1976 
un_max  :  0.8541118 
un_min  :  0.03350529 
uk  :  0.180109 
th_edu  :  19.2503 
w_pnty  :  0.6509477 
post_edu  :  5.324915 
gamma  :  40.76269 
kappa  :  0.285268 
d  :  0.06975392 
ini_d  :  4.86888 
diff_d  :  0.2787957 
d_norm  :  2.571103 
purpose  :  1 
