
Results obtained with combination of parameters : 
un_year  :  1976.878 
un_max  :  0.6964261 
un_min  :  0.0255272 
uk  :  0.1953477 
th_edu  :  21.5346 
w_pnty  :  0.4042801 
post_edu  :  5.021321 
gamma  :  41.33593 
kappa  :  0.594548 
d  :  0.05429866 
ini_d  :  2.729848 
diff_d  :  0.1826924 
d_norm  :  1.800158 
purpose  :  2 
