
Results obtained with combination of parameters : 
un_year  :  1974.119 
un_max  :  0.4443534 
un_min  :  0.0272356 
uk  :  0.2218942 
th_edu  :  17.06765 
w_pnty  :  0.4283551 
post_edu  :  3.74416 
gamma  :  37.2852 
kappa  :  0.229521 
d  :  0.06228395 
ini_d  :  2.729673 
diff_d  :  0.1920475 
d_norm  :  2.506912 
purpose  :  1 
