
Results obtained with combination of parameters : 
un_year  :  1973.137 
un_max  :  0.2706118 
un_min  :  0.008177896 
uk  :  0.2079582 
th_edu  :  16.40018 
w_pnty  :  0.2907813 
post_edu  :  3.197407 
gamma  :  36.04203 
kappa  :  0.648216 
d  :  0.03813157 
ini_d  :  2.746333 
diff_d  :  0.1708352 
d_norm  :  2.588882 
purpose  :  2 
