
Results obtained with combination of parameters : 
un_year  :  1972.529 
un_max  :  0.4279014 
un_min  :  0.02630004 
uk  :  0.2646938 
th_edu  :  22.53371 
w_pnty  :  0.2234413 
post_edu  :  3.46955 
gamma  :  43.205 
kappa  :  0.6665339 
d  :  0.03623489 
ini_d  :  2.913615 
diff_d  :  0.1922728 
d_norm  :  2.372334 
purpose  :  1 
