
Results obtained with combination of parameters : 
un_year  :  1976.209 
un_max  :  0.4755483 
un_min  :  0.03315248 
uk  :  0.1777725 
th_edu  :  18.9218 
w_pnty  :  0.4912208 
post_edu  :  6.531454 
gamma  :  42.94986 
kappa  :  0.5299966 
d  :  0.08055022 
ini_d  :  2.936998 
diff_d  :  0.2245701 
d_norm  :  1.750019 
purpose  :  2 
