
Results obtained with combination of parameters : 
un_year  :  1975.157 
un_max  :  0.5061534 
un_min  :  0.02637303 
uk  :  0.2007333 
th_edu  :  14.78926 
w_pnty  :  0.6035023 
post_edu  :  5.818875 
gamma  :  40.20541 
kappa  :  0.2623433 
d  :  0.08755831 
ini_d  :  2.859479 
diff_d  :  0.2527359 
d_norm  :  1.628097 
purpose  :  1 
