
Results obtained with combination of parameters : 
un_year  :  1973.554 
un_max  :  0.2519201 
un_min  :  0.04221244 
uk  :  0.2487696 
th_edu  :  15.0539 
w_pnty  :  0.4846017 
post_edu  :  4.209608 
gamma  :  41.02135 
kappa  :  0.4124951 
d  :  0.07180147 
ini_d  :  2.668358 
diff_d  :  0.1614214 
d_norm  :  2.536181 
purpose  :  1 
