
Results obtained with combination of parameters : 
un_year  :  1975.441 
un_max  :  0.5329684 
un_min  :  0.03574912 
uk  :  0.2211466 
th_edu  :  21.99378 
w_pnty  :  0.5799876 
post_edu  :  6.585081 
gamma  :  35.42745 
kappa  :  0.1397119 
d  :  0.08414914 
ini_d  :  2.935136 
diff_d  :  0.156052 
d_norm  :  1.689901 
purpose  :  1 
