
Results obtained with combination of parameters : 
un_year  :  1975.442 
un_max  :  0.2512716 
un_min  :  0.0123862 
uk  :  0.2008595 
th_edu  :  19.01744 
w_pnty  :  0.4595655 
post_edu  :  3.596247 
gamma  :  36.21668 
kappa  :  0.6008941 
d  :  0.06326902 
ini_d  :  2.659898 
diff_d  :  0.1929552 
d_norm  :  2.451471 
purpose  :  1 
