
Results obtained with combination of parameters : 
un_year  :  1975.837 
un_max  :  0.8987978 
un_min  :  0.03223751 
uk  :  0.2271823 
th_edu  :  16.49807 
w_pnty  :  0.6350637 
post_edu  :  3.154562 
gamma  :  37.57809 
kappa  :  0.2333227 
d  :  0.05248051 
ini_d  :  5.325287 
diff_d  :  0.2718843 
d_norm  :  2.789189 
purpose  :  1 
