
Results obtained with combination of parameters : 
un_year  :  1977.569 
un_max  :  0.7285899 
un_min  :  0.02576194 
uk  :  0.2439168 
th_edu  :  23.80958 
w_pnty  :  0.4871185 
post_edu  :  6.205845 
gamma  :  37.83794 
kappa  :  0.1185804 
d  :  0.05892454 
ini_d  :  5.101366 
diff_d  :  0.20705 
d_norm  :  2.315515 
purpose  :  1 
