
Results obtained with combination of parameters : 
un_year  :  1972.917 
un_max  :  0.4056473 
un_min  :  0.03023578 
uk  :  0.2454572 
th_edu  :  20.36981 
w_pnty  :  0.3371786 
post_edu  :  3.400993 
gamma  :  43.07169 
kappa  :  0.6138171 
d  :  0.0455532 
ini_d  :  2.942774 
diff_d  :  0.1833185 
d_norm  :  2.254771 
purpose  :  1 
