
Results obtained with combination of parameters : 
un_year  :  1977.528 
un_max  :  0.5385402 
un_min  :  0.02836005 
uk  :  0.1570884 
th_edu  :  18.12662 
w_pnty  :  0.5154876 
post_edu  :  5.198997 
gamma  :  38.0274 
kappa  :  0.5308217 
d  :  0.0753819 
ini_d  :  2.763129 
diff_d  :  0.2418956 
d_norm  :  1.876224 
purpose  :  1 
