
Results obtained with combination of parameters : 
un_year  :  1972.874 
un_max  :  0.3621363 
un_min  :  0.01882367 
uk  :  0.2372598 
th_edu  :  22.54516 
w_pnty  :  0.3682414 
post_edu  :  4.025341 
gamma  :  37.9219 
kappa  :  0.7581855 
d  :  0.0664801 
ini_d  :  2.735089 
diff_d  :  0.1733402 
d_norm  :  2.384372 
purpose  :  1 
