
Results obtained with combination of parameters : 
un_year  :  1975.316 
un_max  :  0.2788973 
un_min  :  0.01517783 
uk  :  0.1976893 
th_edu  :  22.32997 
w_pnty  :  0.2301421 
post_edu  :  4.027357 
gamma  :  41.58809 
kappa  :  0.721672 
d  :  0.04720759 
ini_d  :  2.657215 
diff_d  :  0.194536 
d_norm  :  2.266668 
purpose  :  1 
