
Results obtained with combination of parameters : 
un_year  :  1975.436 
un_max  :  0.4461815 
un_min  :  0.02260415 
uk  :  0.2194021 
th_edu  :  19.02825 
w_pnty  :  0.3167523 
post_edu  :  3.638277 
gamma  :  43.36997 
kappa  :  0.5811992 
d  :  0.07103623 
ini_d  :  2.833348 
diff_d  :  0.1886481 
d_norm  :  2.346306 
purpose  :  1 
