
Results obtained with combination of parameters : 
un_year  :  1972.041 
un_max  :  0.3886405 
un_min  :  0.0293497 
uk  :  0.2268125 
th_edu  :  22.16102 
w_pnty  :  0.4109922 
post_edu  :  3.946048 
gamma  :  44.09545 
kappa  :  0.1547727 
d  :  0.03111071 
ini_d  :  2.938065 
diff_d  :  0.1966469 
d_norm  :  2.210493 
purpose  :  1 
