
Results obtained with combination of parameters : 
un_year  :  1978.62 
un_max  :  0.7278989 
un_min  :  0.03687819 
uk  :  0.2136939 
th_edu  :  18.34052 
w_pnty  :  0.4715612 
post_edu  :  4.321046 
gamma  :  42.36377 
kappa  :  0.6994462 
d  :  0.07376943 
ini_d  :  4.734437 
diff_d  :  0.2211888 
d_norm  :  2.721673 
purpose  :  1 
