
Results obtained with combination of parameters : 
un_year  :  1975.106 
un_max  :  0.4127946 
un_min  :  0.03972948 
uk  :  0.2497909 
th_edu  :  21.36088 
w_pnty  :  0.2251506 
post_edu  :  4.000195 
gamma  :  43.77633 
kappa  :  0.7841086 
d  :  0.0462532 
ini_d  :  2.626638 
diff_d  :  0.1599622 
d_norm  :  2.251844 
purpose  :  1 
