
Results obtained with combination of parameters : 
un_year  :  1979.414 
un_max  :  0.8447082 
un_min  :  0.03941929 
uk  :  0.1870624 
th_edu  :  23.99036 
w_pnty  :  0.5215557 
post_edu  :  6.485123 
gamma  :  36.75571 
kappa  :  0.6989063 
d  :  0.07071159 
ini_d  :  5.068667 
diff_d  :  0.2273953 
d_norm  :  2.656843 
purpose  :  1 
