
Results obtained with combination of parameters : 
un_year  :  1974.02 
un_max  :  0.368977 
un_min  :  0.03115059 
uk  :  0.21489 
th_edu  :  15.30495 
w_pnty  :  0.565803 
post_edu  :  6.844213 
gamma  :  43.51141 
kappa  :  0.435598 
d  :  0.05166632 
ini_d  :  2.862291 
diff_d  :  0.2497763 
d_norm  :  1.638158 
purpose  :  1 
