
Results obtained with combination of parameters : 
un_year  :  1975.746 
un_max  :  0.4199178 
un_min  :  0.02612798 
uk  :  0.1759623 
th_edu  :  21.98763 
w_pnty  :  0.5043792 
post_edu  :  5.951251 
gamma  :  44.72557 
kappa  :  0.2483656 
d  :  0.06102844 
ini_d  :  2.751087 
diff_d  :  0.2132471 
d_norm  :  1.928681 
purpose  :  1 
