
Results obtained with combination of parameters : 
un_year  :  1978.871 
un_max  :  0.7150117 
un_min  :  0.02871313 
uk  :  0.1368097 
th_edu  :  22.99034 
w_pnty  :  0.4054389 
post_edu  :  6.655279 
gamma  :  39.8981 
kappa  :  0.5170623 
d  :  0.06069789 
ini_d  :  4.789057 
diff_d  :  0.2543902 
d_norm  :  2.715102 
purpose  :  1 
