
Results obtained with combination of parameters : 
un_year  :  1974.648 
un_max  :  0.4332779 
un_min  :  0.005565141 
uk  :  0.206393 
th_edu  :  22.98235 
w_pnty  :  0.3384595 
post_edu  :  3.842251 
gamma  :  36.79534 
kappa  :  0.8669195 
d  :  0.05949489 
ini_d  :  2.732686 
diff_d  :  0.1715088 
d_norm  :  2.455923 
purpose  :  1 
