
Results obtained with combination of parameters : 
un_year  :  1975.769 
un_max  :  0.6529739 
un_min  :  0.03663375 
uk  :  0.1767206 
th_edu  :  15.33426 
w_pnty  :  0.6446411 
post_edu  :  5.86968 
gamma  :  35.85569 
kappa  :  0.376482 
d  :  0.07772922 
ini_d  :  5.160076 
diff_d  :  0.2635866 
d_norm  :  2.498771 
purpose  :  1 
