
Results obtained with combination of parameters : 
un_year  :  1972.655 
un_max  :  0.5636351 
un_min  :  0.03848075 
uk  :  0.2373394 
th_edu  :  22.53145 
w_pnty  :  0.6878573 
post_edu  :  7.608595 
gamma  :  36.62132 
kappa  :  0.4559103 
d  :  0.06399433 
ini_d  :  2.823201 
diff_d  :  0.2017825 
d_norm  :  1.765843 
purpose  :  1 
