
Results obtained with combination of parameters : 
un_year  :  1974.759 
un_max  :  0.2779342 
un_min  :  0.04115014 
uk  :  0.2701507 
th_edu  :  15.40866 
w_pnty  :  0.5182279 
post_edu  :  4.442457 
gamma  :  44.07823 
kappa  :  0.8771779 
d  :  0.06736821 
ini_d  :  2.86816 
diff_d  :  0.1570029 
d_norm  :  2.563272 
purpose  :  1 
