
Results obtained with combination of parameters : 
un_year  :  1973.198 
un_max  :  0.374284 
un_min  :  0.03232536 
uk  :  0.2424414 
th_edu  :  22.68002 
w_pnty  :  0.596774 
post_edu  :  4.457317 
gamma  :  35.17847 
kappa  :  0.1911739 
d  :  0.04014375 
ini_d  :  2.798552 
diff_d  :  0.1813335 
d_norm  :  2.549504 
purpose  :  1 
