
Results obtained with combination of parameters : 
un_year  :  1974.883 
un_max  :  0.6522142 
un_min  :  0.03819695 
uk  :  0.2553812 
th_edu  :  22.93555 
w_pnty  :  0.657714 
post_edu  :  5.765129 
gamma  :  44.89106 
kappa  :  0.6040653 
d  :  0.05231899 
ini_d  :  4.723677 
diff_d  :  0.280303 
d_norm  :  2.796299 
purpose  :  1 
