
Results obtained with combination of parameters : 
un_year  :  1973.099 
un_max  :  0.745344 
un_min  :  0.03196454 
uk  :  0.1842249 
th_edu  :  23.68811 
w_pnty  :  0.5019598 
post_edu  :  6.849444 
gamma  :  35.57298 
kappa  :  0.4327533 
d  :  0.06032398 
ini_d  :  2.94891 
diff_d  :  0.2839596 
d_norm  :  1.812804 
purpose  :  1 
