
Results obtained with combination of parameters : 
un_year  :  1973.354 
un_max  :  0.3054537 
un_min  :  0.0440966 
uk  :  0.2725112 
th_edu  :  21.07036 
w_pnty  :  0.2468828 
post_edu  :  3.638533 
gamma  :  40.42108 
kappa  :  0.775259 
d  :  0.08567475 
ini_d  :  2.606746 
diff_d  :  0.1566053 
d_norm  :  2.48117 
purpose  :  1 
