
Results obtained with combination of parameters : 
un_year  :  1972.786 
un_max  :  0.4364501 
un_min  :  0.02317441 
uk  :  0.2360417 
th_edu  :  19.88729 
w_pnty  :  0.506347 
post_edu  :  4.17423 
gamma  :  37.16449 
kappa  :  0.4265594 
d  :  0.06398197 
ini_d  :  2.731617 
diff_d  :  0.1422038 
d_norm  :  2.336418 
purpose  :  1 
