
Results obtained with combination of parameters : 
un_year  :  1977.578 
un_max  :  0.7816852 
un_min  :  0.02608532 
uk  :  0.189711 
th_edu  :  21.91665 
w_pnty  :  0.466265 
post_edu  :  4.779984 
gamma  :  35.23134 
kappa  :  0.555396 
d  :  0.06843796 
ini_d  :  5.141225 
diff_d  :  0.2369477 
d_norm  :  2.444404 
purpose  :  1 
