
Results obtained with combination of parameters : 
un_year  :  1977.407 
un_max  :  0.466358 
un_min  :  0.03475824 
uk  :  0.2289284 
th_edu  :  20.48458 
w_pnty  :  0.4070561 
post_edu  :  7.708584 
gamma  :  36.93989 
kappa  :  0.443038 
d  :  0.06310518 
ini_d  :  2.99921 
diff_d  :  0.1673878 
d_norm  :  1.850015 
purpose  :  1 
