
Results obtained with combination of parameters : 
un_year  :  1975.52 
un_max  :  0.6295397 
un_min  :  0.03741143 
uk  :  0.20996 
th_edu  :  22.08227 
w_pnty  :  0.4855517 
post_edu  :  5.235572 
gamma  :  36.15607 
kappa  :  0.4896294 
d  :  0.08246705 
ini_d  :  2.847547 
diff_d  :  0.2623289 
d_norm  :  1.988003 
purpose  :  1 
