
Results obtained with combination of parameters : 
un_year  :  1974.445 
un_max  :  0.2890582 
un_min  :  0.04010763 
uk  :  0.261092 
th_edu  :  17.69358 
w_pnty  :  0.2503662 
post_edu  :  3.187398 
gamma  :  40.30643 
kappa  :  0.2688131 
d  :  0.08815538 
ini_d  :  2.618343 
diff_d  :  0.1541843 
d_norm  :  2.293712 
purpose  :  1 
