
Results obtained with combination of parameters : 
un_year  :  1971.587 
un_max  :  0.4124742 
un_min  :  0.01229286 
uk  :  0.2662142 
th_edu  :  20.44176 
w_pnty  :  0.2337723 
post_edu  :  3.949908 
gamma  :  44.05307 
kappa  :  0.6286456 
d  :  0.07549725 
ini_d  :  2.832807 
diff_d  :  0.1464248 
d_norm  :  2.456048 
purpose  :  1 
