
Results obtained with combination of parameters : 
un_year  :  1973.177 
un_max  :  0.4431959 
un_min  :  0.005029679 
uk  :  0.203496 
th_edu  :  15.60682 
w_pnty  :  0.2270144 
post_edu  :  4.114041 
gamma  :  40.19605 
kappa  :  0.1239637 
d  :  0.05387703 
ini_d  :  2.704634 
diff_d  :  0.1712685 
d_norm  :  2.352697 
purpose  :  1 
