
Results obtained with combination of parameters : 
un_year  :  1975.856 
un_max  :  0.7106439 
un_min  :  0.02931223 
uk  :  0.2217582 
th_edu  :  22.72036 
w_pnty  :  0.4404648 
post_edu  :  6.768203 
gamma  :  40.61382 
kappa  :  0.1851114 
d  :  0.05665347 
ini_d  :  2.900494 
diff_d  :  0.2405335 
d_norm  :  1.767387 
purpose  :  1 
