
Results obtained with combination of parameters : 
un_year  :  1974.752 
un_max  :  0.6232451 
un_min  :  0.02758421 
uk  :  0.2170381 
th_edu  :  21.52411 
w_pnty  :  0.4155309 
post_edu  :  6.807271 
gamma  :  35.95244 
kappa  :  0.4010324 
d  :  0.08932689 
ini_d  :  2.715084 
diff_d  :  0.2141925 
d_norm  :  1.781288 
purpose  :  1 
