
Results obtained with combination of parameters : 
un_year  :  1972.187 
un_max  :  0.40431 
un_min  :  0.03263984 
uk  :  0.2391098 
th_edu  :  19.5651 
w_pnty  :  0.4649999 
post_edu  :  3.330767 
gamma  :  36.56963 
kappa  :  0.6712415 
d  :  0.06880967 
ini_d  :  2.839402 
diff_d  :  0.160844 
d_norm  :  2.275149 
purpose  :  1 
