
Results obtained with combination of parameters : 
un_year  :  1971.359 
un_max  :  0.4074937 
un_min  :  0.02837129 
uk  :  0.2594085 
th_edu  :  22.22786 
w_pnty  :  0.317033 
post_edu  :  3.580206 
gamma  :  40.38229 
kappa  :  0.5847423 
d  :  0.03933981 
ini_d  :  2.867324 
diff_d  :  0.1652559 
d_norm  :  2.442739 
purpose  :  1 
