
Results obtained with combination of parameters : 
un_year  :  1975.062 
un_max  :  0.6112287 
un_min  :  0.0288438 
uk  :  0.1537376 
th_edu  :  15.10485 
w_pnty  :  0.6142062 
post_edu  :  6.541013 
gamma  :  44.04069 
kappa  :  0.3367652 
d  :  0.06905475 
ini_d  :  2.927552 
diff_d  :  0.2332116 
d_norm  :  1.984394 
purpose  :  1 
