
Results obtained with combination of parameters : 
un_year  :  1971.108 
un_max  :  0.3721858 
un_min  :  0.02338918 
uk  :  0.2130601 
th_edu  :  21.9732 
w_pnty  :  0.4318187 
post_edu  :  3.792522 
gamma  :  37.67626 
kappa  :  0.5100921 
d  :  0.04753939 
ini_d  :  2.895011 
diff_d  :  0.185234 
d_norm  :  2.41068 
purpose  :  1 
