
Results obtained with combination of parameters : 
un_year  :  1973.296 
un_max  :  0.8387222 
un_min  :  0.02614815 
uk  :  0.1209951 
th_edu  :  22.78113 
w_pnty  :  0.6732176 
post_edu  :  3.736034 
gamma  :  38.48487 
kappa  :  0.44611 
d  :  0.08756486 
ini_d  :  5.264566 
diff_d  :  0.2963415 
d_norm  :  2.416951 
purpose  :  1 
