
Results obtained with combination of parameters : 
un_year  :  1972.22 
un_max  :  0.4927501 
un_min  :  0.03966788 
uk  :  0.2473617 
th_edu  :  15.75076 
w_pnty  :  0.603237 
post_edu  :  5.140586 
gamma  :  37.34263 
kappa  :  0.4075514 
d  :  0.05005922 
ini_d  :  2.707175 
diff_d  :  0.2763392 
d_norm  :  1.644047 
purpose  :  2 
