
Results obtained with combination of parameters : 
un_year  :  1974.769 
un_max  :  0.3870323 
un_min  :  0.03008116 
uk  :  0.2319123 
th_edu  :  19.42743 
w_pnty  :  0.6112447 
post_edu  :  6.985505 
gamma  :  38.58542 
kappa  :  0.366116 
d  :  0.06515847 
ini_d  :  2.842479 
diff_d  :  0.1825298 
d_norm  :  1.827127 
purpose  :  1 
