
Results obtained with combination of parameters : 
un_year  :  1976.845 
un_max  :  0.3933707 
un_min  :  0.03220315 
uk  :  0.2650895 
th_edu  :  20.70455 
w_pnty  :  0.5684363 
post_edu  :  7.433897 
gamma  :  36.04575 
kappa  :  0.5158529 
d  :  0.06110624 
ini_d  :  2.771942 
diff_d  :  0.2197723 
d_norm  :  1.690897 
purpose  :  1 
