
Results obtained with combination of parameters : 
un_year  :  1977.435 
un_max  :  0.5836984 
un_min  :  0.02702136 
uk  :  0.2081188 
th_edu  :  20.52436 
w_pnty  :  0.6259821 
post_edu  :  6.590948 
gamma  :  43.62268 
kappa  :  0.4648056 
d  :  0.08173104 
ini_d  :  2.776743 
diff_d  :  0.2909353 
d_norm  :  1.89345 
purpose  :  1 
