
Results obtained with combination of parameters : 
un_year  :  1975.962 
un_max  :  0.3606436 
un_min  :  0.04422944 
uk  :  0.2227166 
th_edu  :  20.57791 
w_pnty  :  0.46154 
post_edu  :  4.022452 
gamma  :  39.5027 
kappa  :  0.31214 
d  :  0.05290616 
ini_d  :  2.853086 
diff_d  :  0.1740414 
d_norm  :  2.528313 
purpose  :  1 
