
Results obtained with combination of parameters : 
un_year  :  1975.754 
un_max  :  0.4732279 
un_min  :  0.02974387 
uk  :  0.1828716 
th_edu  :  19.55143 
w_pnty  :  0.5206433 
post_edu  :  5.8728 
gamma  :  39.20783 
kappa  :  0.1627754 
d  :  0.06934401 
ini_d  :  2.831169 
diff_d  :  0.1688052 
d_norm  :  1.778742 
purpose  :  1 
