
Results obtained with combination of parameters : 
un_year  :  1973.756 
un_max  :  0.7158962 
un_min  :  0.03080284 
uk  :  0.1008357 
th_edu  :  21.04308 
w_pnty  :  0.4652552 
post_edu  :  6.923889 
gamma  :  35.21645 
kappa  :  0.5928718 
d  :  0.05319541 
ini_d  :  5.495859 
diff_d  :  0.2039033 
d_norm  :  2.631422 
purpose  :  1 
