
Results obtained with combination of parameters : 
un_year  :  1972.774 
un_max  :  0.4321746 
un_min  :  0.01505281 
uk  :  0.251688 
th_edu  :  18.3121 
w_pnty  :  0.5162806 
post_edu  :  4.492258 
gamma  :  39.10682 
kappa  :  0.6048526 
d  :  0.04299373 
ini_d  :  2.617315 
diff_d  :  0.1896637 
d_norm  :  2.3478 
purpose  :  1 
