
Results obtained with combination of parameters : 
un_year  :  1973.329 
un_max  :  0.3642388 
un_min  :  0.02779487 
uk  :  0.269387 
th_edu  :  21.01165 
w_pnty  :  0.3147879 
post_edu  :  4.126417 
gamma  :  37.63017 
kappa  :  0.6745768 
d  :  0.07732266 
ini_d  :  2.887032 
diff_d  :  0.1643503 
d_norm  :  2.438807 
purpose  :  1 
