
Results obtained with combination of parameters : 
un_year  :  1975.498 
un_max  :  0.290906 
un_min  :  0.03740103 
uk  :  0.2149704 
th_edu  :  17.04855 
w_pnty  :  0.3829304 
post_edu  :  3.092604 
gamma  :  38.9737 
kappa  :  0.6426225 
d  :  0.03249986 
ini_d  :  2.995223 
diff_d  :  0.1631414 
d_norm  :  2.57336 
purpose  :  1 
