
Results obtained with combination of parameters : 
un_year  :  1972.294 
un_max  :  0.4826546 
un_min  :  0.03600988 
uk  :  0.2525135 
th_edu  :  20.19059 
w_pnty  :  0.6541655 
post_edu  :  5.348375 
gamma  :  43.53156 
kappa  :  0.4807529 
d  :  0.05916945 
ini_d  :  2.882907 
diff_d  :  0.2240637 
d_norm  :  1.971989 
purpose  :  1 
