
Results obtained with combination of parameters : 
un_year  :  1976.858 
un_max  :  0.8253599 
un_min  :  0.02659653 
uk  :  0.2680488 
th_edu  :  19.43256 
w_pnty  :  0.5981123 
post_edu  :  5.730446 
gamma  :  38.73074 
kappa  :  0.1163086 
d  :  0.080627 
ini_d  :  5.247628 
diff_d  :  0.2155208 
d_norm  :  2.42238 
purpose  :  1 
