
Results obtained with combination of parameters : 
un_year  :  1973.476 
un_max  :  0.9120768 
un_min  :  0.02912159 
uk  :  0.1246805 
th_edu  :  23.86722 
w_pnty  :  0.6903013 
post_edu  :  4.425519 
gamma  :  42.91335 
kappa  :  0.5415118 
d  :  0.08815528 
ini_d  :  4.822692 
diff_d  :  0.2702376 
d_norm  :  2.589464 
purpose  :  2 
