
Results obtained with combination of parameters : 
un_year  :  1972.55 
un_max  :  0.4500526 
un_min  :  0.02502685 
uk  :  0.176071 
th_edu  :  15.71201 
w_pnty  :  0.5944631 
post_edu  :  7.011648 
gamma  :  37.88308 
kappa  :  0.4902378 
d  :  0.06568005 
ini_d  :  2.982093 
diff_d  :  0.1843158 
d_norm  :  1.644953 
purpose  :  1 
