
Results obtained with combination of parameters : 
un_year  :  1974.66 
un_max  :  0.4936892 
un_min  :  0.02957649 
uk  :  0.2172965 
th_edu  :  15.51904 
w_pnty  :  0.4734885 
post_edu  :  7.585126 
gamma  :  43.29904 
kappa  :  0.6777586 
d  :  0.08323183 
ini_d  :  2.774391 
diff_d  :  0.2388435 
d_norm  :  1.905184 
purpose  :  1 
