
Results obtained with combination of parameters : 
un_year  :  1976.727 
un_max  :  0.7036401 
un_min  :  0.02896161 
uk  :  0.2030631 
th_edu  :  15.07812 
w_pnty  :  0.4772815 
post_edu  :  5.053907 
gamma  :  42.72723 
kappa  :  0.5348492 
d  :  0.08825865 
ini_d  :  4.877837 
diff_d  :  0.2903335 
d_norm  :  2.767423 
purpose  :  1 
