
Results obtained with combination of parameters : 
un_year  :  1973.922 
un_max  :  0.8665102 
un_min  :  0.03660351 
uk  :  0.1465538 
th_edu  :  17.51587 
w_pnty  :  0.4762305 
post_edu  :  4.887599 
gamma  :  36.74369 
kappa  :  0.5311152 
d  :  0.0582137 
ini_d  :  5.025999 
diff_d  :  0.2908852 
d_norm  :  2.641916 
purpose  :  1 
