
Results obtained with combination of parameters : 
un_year  :  1977.228 
un_max  :  0.4423214 
un_min  :  0.0268528 
uk  :  0.1955028 
th_edu  :  17.84615 
w_pnty  :  0.4444405 
post_edu  :  5.416358 
gamma  :  37.83388 
kappa  :  0.4144799 
d  :  0.07203181 
ini_d  :  2.793788 
diff_d  :  0.2435365 
d_norm  :  1.97419 
purpose  :  1 
