
Results obtained with combination of parameters : 
un_year  :  1973.54 
un_max  :  0.4408584 
un_min  :  0.0420237 
uk  :  0.2602935 
th_edu  :  17.92892 
w_pnty  :  0.499903 
post_edu  :  4.287992 
gamma  :  42.14811 
kappa  :  0.3949006 
d  :  0.08057849 
ini_d  :  2.629513 
diff_d  :  0.1591971 
d_norm  :  2.38978 
purpose  :  1 
