
Results obtained with combination of parameters : 
un_year  :  1972.182 
un_max  :  0.3537357 
un_min  :  0.02902169 
uk  :  0.2415846 
th_edu  :  18.40298 
w_pnty  :  0.5566767 
post_edu  :  4.094611 
gamma  :  43.73615 
kappa  :  0.294164 
d  :  0.05723508 
ini_d  :  2.974261 
diff_d  :  0.161726 
d_norm  :  2.407981 
purpose  :  1 
