
Results obtained with combination of parameters : 
un_year  :  1971.315 
un_max  :  0.3922905 
un_min  :  0.005792832 
uk  :  0.2445399 
th_edu  :  20.05888 
w_pnty  :  0.2238007 
post_edu  :  3.234669 
gamma  :  38.02618 
kappa  :  0.4518875 
d  :  0.06620722 
ini_d  :  2.793678 
diff_d  :  0.1815247 
d_norm  :  2.553752 
purpose  :  1 
