
Results obtained with combination of parameters : 
un_year  :  1973.032 
un_max  :  0.4212498 
un_min  :  0.03609303 
uk  :  0.2012505 
th_edu  :  21.33832 
w_pnty  :  0.4179693 
post_edu  :  4.289105 
gamma  :  35.88008 
kappa  :  0.3008506 
d  :  0.0687069 
ini_d  :  2.714839 
diff_d  :  0.1539113 
d_norm  :  2.357073 
purpose  :  1 
