
Results obtained with combination of parameters : 
un_year  :  1977.38 
un_max  :  0.7798775 
un_min  :  0.02754734 
uk  :  0.1435266 
th_edu  :  20.27029 
w_pnty  :  0.4701128 
post_edu  :  5.486054 
gamma  :  44.77259 
kappa  :  0.2076859 
d  :  0.06700072 
ini_d  :  4.858872 
diff_d  :  0.244102 
d_norm  :  2.671533 
purpose  :  1 
