
Results obtained with combination of parameters : 
un_year  :  1977.879 
un_max  :  0.4837553 
un_min  :  0.03173206 
uk  :  0.2107925 
th_edu  :  17.17864 
w_pnty  :  0.4700773 
post_edu  :  6.040413 
gamma  :  43.37383 
kappa  :  0.3484329 
d  :  0.07063624 
ini_d  :  2.883027 
diff_d  :  0.2776549 
d_norm  :  1.734036 
purpose  :  1 
