
Results obtained with combination of parameters : 
un_year  :  1977.818 
un_max  :  0.9365618 
un_min  :  0.03487103 
uk  :  0.1280259 
th_edu  :  16.7906 
w_pnty  :  0.6315314 
post_edu  :  3.167338 
gamma  :  42.57106 
kappa  :  0.3668719 
d  :  0.07698657 
ini_d  :  5.393661 
diff_d  :  0.2575481 
d_norm  :  2.619147 
purpose  :  1 
