
Results obtained with combination of parameters : 
un_year  :  1977.026 
un_max  :  0.9496705 
un_min  :  0.0349071 
uk  :  0.1363807 
th_edu  :  23.33567 
w_pnty  :  0.6607282 
post_edu  :  4.36656 
gamma  :  36.54253 
kappa  :  0.2647261 
d  :  0.08934765 
ini_d  :  5.213332 
diff_d  :  0.2132735 
d_norm  :  2.326945 
purpose  :  1 
