
Results obtained with combination of parameters : 
un_year  :  1975.45 
un_max  :  0.668918 
un_min  :  0.03187861 
uk  :  0.2621559 
th_edu  :  22.27597 
w_pnty  :  0.4420886 
post_edu  :  5.397824 
gamma  :  35.74332 
kappa  :  0.3796433 
d  :  0.05232944 
ini_d  :  2.840048 
diff_d  :  0.2254269 
d_norm  :  1.6601 
purpose  :  1 
