
Results obtained with combination of parameters : 
un_year  :  1972.44 
un_max  :  0.7115621 
un_min  :  0.03888054 
uk  :  0.2584826 
th_edu  :  23.15028 
w_pnty  :  0.6681752 
post_edu  :  6.306368 
gamma  :  44.57509 
kappa  :  0.6719708 
d  :  0.05190323 
ini_d  :  2.729114 
diff_d  :  0.1723011 
d_norm  :  1.949903 
purpose  :  1 
