
Results obtained with combination of parameters : 
un_year  :  1974.885 
un_max  :  0.4430251 
un_min  :  0.007129571 
uk  :  0.2712865 
th_edu  :  20.81567 
w_pnty  :  0.2740792 
post_edu  :  4.395185 
gamma  :  39.41201 
kappa  :  0.7254511 
d  :  0.05072074 
ini_d  :  2.919976 
diff_d  :  0.1809601 
d_norm  :  2.22727 
purpose  :  1 
