
Results obtained with combination of parameters : 
un_year  :  1977.477 
un_max  :  0.590863 
un_min  :  0.02888022 
uk  :  0.2425824 
th_edu  :  23.33314 
w_pnty  :  0.5324975 
post_edu  :  7.182085 
gamma  :  35.70792 
kappa  :  0.6371794 
d  :  0.05600867 
ini_d  :  2.812035 
diff_d  :  0.1691936 
d_norm  :  1.806594 
purpose  :  1 
