
Results obtained with combination of parameters : 
un_year  :  1974.834 
un_max  :  0.6570268 
un_min  :  0.02683235 
uk  :  0.1898005 
th_edu  :  16.02983 
w_pnty  :  0.4613217 
post_edu  :  5.093331 
gamma  :  41.66969 
kappa  :  0.1343606 
d  :  0.05815158 
ini_d  :  2.942214 
diff_d  :  0.1745744 
d_norm  :  1.851834 
purpose  :  2 
