
Results obtained with combination of parameters : 
un_year  :  1974.317 
un_max  :  0.2979923 
un_min  :  0.02551269 
uk  :  0.1965312 
th_edu  :  15.01227 
w_pnty  :  0.2172779 
post_edu  :  4.327815 
gamma  :  36.74789 
kappa  :  0.8712581 
d  :  0.08784854 
ini_d  :  2.829194 
diff_d  :  0.1783384 
d_norm  :  2.277581 
purpose  :  2 
