
Results obtained with combination of parameters : 
un_year  :  1973.243 
un_max  :  0.8559905 
un_min  :  0.03392342 
uk  :  0.1556853 
th_edu  :  23.15282 
w_pnty  :  0.5323128 
post_edu  :  5.256652 
gamma  :  43.72214 
kappa  :  0.1153926 
d  :  0.05513118 
ini_d  :  5.206018 
diff_d  :  0.2788263 
d_norm  :  2.417045 
purpose  :  2 
