
Results obtained with combination of parameters : 
un_year  :  1974.264 
un_max  :  0.9256006 
un_min  :  0.02761653 
uk  :  0.234054 
th_edu  :  16.6211 
w_pnty  :  0.6706694 
post_edu  :  3.989831 
gamma  :  41.21599 
kappa  :  0.559334 
d  :  0.06928101 
ini_d  :  4.888827 
diff_d  :  0.2856835 
d_norm  :  2.381325 
purpose  :  1 
