
Results obtained with combination of parameters : 
un_year  :  1973.354 
un_max  :  0.5086893 
un_min  :  0.02874973 
uk  :  0.2589802 
th_edu  :  18.2442 
w_pnty  :  0.4458215 
post_edu  :  5.632372 
gamma  :  44.01866 
kappa  :  0.3470971 
d  :  0.06775617 
ini_d  :  2.855456 
diff_d  :  0.2489791 
d_norm  :  1.687506 
purpose  :  1 
