
Results obtained with combination of parameters : 
un_year  :  1978 
un_max  :  0.7076606 
un_min  :  0.02770089 
uk  :  0.1955965 
th_edu  :  15.53455 
w_pnty  :  0.555435 
post_edu  :  3.49101 
gamma  :  43.78609 
kappa  :  0.6397503 
d  :  0.08645818 
ini_d  :  5.187142 
diff_d  :  0.2611994 
d_norm  :  2.3541 
purpose  :  1 
