
Results obtained with combination of parameters : 
un_year  :  1972.891 
un_max  :  0.7366325 
un_min  :  0.02956416 
uk  :  0.2622754 
th_edu  :  20.05931 
w_pnty  :  0.6809693 
post_edu  :  5.05088 
gamma  :  35.84814 
kappa  :  0.6531304 
d  :  0.08939989 
ini_d  :  2.95619 
diff_d  :  0.1845627 
d_norm  :  1.609226 
purpose  :  2 
