
Results obtained with combination of parameters : 
un_year  :  1976.226 
un_max  :  0.5527442 
un_min  :  0.03361658 
uk  :  0.2175128 
th_edu  :  14.69541 
w_pnty  :  0.5163033 
post_edu  :  7.93142 
gamma  :  35.81108 
kappa  :  0.1921966 
d  :  0.08378055 
ini_d  :  2.98423 
diff_d  :  0.2003278 
d_norm  :  1.974259 
purpose  :  1 
