
Results obtained with combination of parameters : 
un_year  :  1976.646 
un_max  :  0.5127685 
un_min  :  0.03570738 
uk  :  0.2485933 
th_edu  :  19.52122 
w_pnty  :  0.4958517 
post_edu  :  7.765741 
gamma  :  36.09734 
kappa  :  0.1799826 
d  :  0.07759756 
ini_d  :  2.722379 
diff_d  :  0.1805101 
d_norm  :  1.734696 
purpose  :  1 
