
Results obtained with combination of parameters : 
un_year  :  1976.42 
un_max  :  0.4444999 
un_min  :  0.03556966 
uk  :  0.2443046 
th_edu  :  14.24444 
w_pnty  :  0.6872464 
post_edu  :  7.524355 
gamma  :  36.70291 
kappa  :  0.4683836 
d  :  0.066448 
ini_d  :  2.853872 
diff_d  :  0.2965936 
d_norm  :  1.770432 
purpose  :  1 
