
Results obtained with combination of parameters : 
un_year  :  1974.439 
un_max  :  0.5909042 
un_min  :  0.02737714 
uk  :  0.2624607 
th_edu  :  19.14723 
w_pnty  :  0.4776746 
post_edu  :  7.658584 
gamma  :  35.85707 
kappa  :  0.2242902 
d  :  0.05808707 
ini_d  :  2.966993 
diff_d  :  0.2968038 
d_norm  :  1.6862 
purpose  :  1 
