
Results obtained with combination of parameters : 
un_year  :  1975.878 
un_max  :  0.3098373 
un_min  :  0.009957599 
uk  :  0.216849 
th_edu  :  23.0996 
w_pnty  :  0.5875628 
post_edu  :  3.546205 
gamma  :  38.29903 
kappa  :  0.5713788 
d  :  0.05293488 
ini_d  :  2.840862 
diff_d  :  0.1710742 
d_norm  :  2.404571 
purpose  :  1 
