
Results obtained with combination of parameters : 
un_year  :  1973.123 
un_max  :  0.836749 
un_min  :  0.03847187 
uk  :  0.1714322 
th_edu  :  22.11947 
w_pnty  :  0.4764954 
post_edu  :  6.87993 
gamma  :  38.59839 
kappa  :  0.570661 
d  :  0.05312023 
ini_d  :  5.027447 
diff_d  :  0.2792421 
d_norm  :  2.445052 
purpose  :  1 
