
Results obtained with combination of parameters : 
un_year  :  1973.824 
un_max  :  0.5010811 
un_min  :  0.03274465 
uk  :  0.1734849 
th_edu  :  19.82209 
w_pnty  :  0.4587865 
post_edu  :  6.088912 
gamma  :  42.15846 
kappa  :  0.4736755 
d  :  0.06313559 
ini_d  :  2.937906 
diff_d  :  0.2592003 
d_norm  :  1.685851 
purpose  :  2 
