
Results obtained with combination of parameters : 
un_year  :  1973.517 
un_max  :  0.7309208 
un_min  :  0.0278904 
uk  :  0.2521494 
th_edu  :  17.38975 
w_pnty  :  0.4401177 
post_edu  :  6.862647 
gamma  :  36.44778 
kappa  :  0.3714958 
d  :  0.05323745 
ini_d  :  2.940851 
diff_d  :  0.2892746 
d_norm  :  1.698464 
purpose  :  1 
