
Results obtained with combination of parameters : 
un_year  :  1973.449 
un_max  :  0.8150111 
un_min  :  0.02724578 
uk  :  0.1558642 
th_edu  :  15.06243 
w_pnty  :  0.6885888 
post_edu  :  4.523521 
gamma  :  35.32643 
kappa  :  0.3378491 
d  :  0.0623458 
ini_d  :  4.933224 
diff_d  :  0.2474619 
d_norm  :  2.393354 
purpose  :  1 
