
Results obtained with combination of parameters : 
un_year  :  1973.984 
un_max  :  0.3956743 
un_min  :  0.02525571 
uk  :  0.2614705 
th_edu  :  20.4756 
w_pnty  :  0.4716523 
post_edu  :  7.995354 
gamma  :  36.29392 
kappa  :  0.6536503 
d  :  0.06338408 
ini_d  :  2.746156 
diff_d  :  0.1884721 
d_norm  :  1.840936 
purpose  :  1 
