
Results obtained with combination of parameters : 
un_year  :  1973.964 
un_max  :  0.3487538 
un_min  :  0.03030938 
uk  :  0.263223 
th_edu  :  21.89775 
w_pnty  :  0.2972119 
post_edu  :  4.463548 
gamma  :  36.30145 
kappa  :  0.884439 
d  :  0.07092663 
ini_d  :  2.661006 
diff_d  :  0.1957392 
d_norm  :  2.450398 
purpose  :  1 
