
Results obtained with combination of parameters : 
un_year  :  1973.95 
un_max  :  0.4135983 
un_min  :  0.02228654 
uk  :  0.235958 
th_edu  :  20.71316 
w_pnty  :  0.2825544 
post_edu  :  3.583021 
gamma  :  37.59016 
kappa  :  0.4721074 
d  :  0.03546768 
ini_d  :  2.628821 
diff_d  :  0.1477911 
d_norm  :  2.30762 
purpose  :  1 
