
Results obtained with combination of parameters : 
un_year  :  1977.561 
un_max  :  0.7546831 
un_min  :  0.03648989 
uk  :  0.1774334 
th_edu  :  20.32608 
w_pnty  :  0.5227258 
post_edu  :  6.511182 
gamma  :  37.75683 
kappa  :  0.5682022 
d  :  0.07789224 
ini_d  :  5.225665 
diff_d  :  0.267364 
d_norm  :  2.732166 
purpose  :  1 
