
Results obtained with combination of parameters : 
un_year  :  1974.211 
un_max  :  0.2685969 
un_min  :  0.007956973 
uk  :  0.2642657 
th_edu  :  18.16095 
w_pnty  :  0.3504515 
post_edu  :  3.397606 
gamma  :  44.75249 
kappa  :  0.1938729 
d  :  0.03702957 
ini_d  :  2.968611 
diff_d  :  0.1984446 
d_norm  :  2.3644 
purpose  :  2 
