
Results obtained with combination of parameters : 
un_year  :  1976.059 
un_max  :  0.8085605 
un_min  :  0.03989833 
uk  :  0.2137449 
th_edu  :  21.99785 
w_pnty  :  0.5983985 
post_edu  :  5.871138 
gamma  :  44.94774 
kappa  :  0.321037 
d  :  0.08949738 
ini_d  :  5.152771 
diff_d  :  0.2328748 
d_norm  :  2.372731 
purpose  :  1 
