
Results obtained with combination of parameters : 
un_year  :  1973.658 
un_max  :  0.3913165 
un_min  :  0.02657436 
uk  :  0.198697 
th_edu  :  20.01514 
w_pnty  :  0.42942 
post_edu  :  3.50609 
gamma  :  36.93445 
kappa  :  0.1746349 
d  :  0.08249875 
ini_d  :  2.918654 
diff_d  :  0.1478563 
d_norm  :  2.414084 
purpose  :  1 
