
Results obtained with combination of parameters : 
un_year  :  1975.388 
un_max  :  0.5198132 
un_min  :  0.02830598 
uk  :  0.1928092 
th_edu  :  20.75407 
w_pnty  :  0.4671222 
post_edu  :  6.002717 
gamma  :  44.43143 
kappa  :  0.2634966 
d  :  0.07400994 
ini_d  :  2.863869 
diff_d  :  0.1950755 
d_norm  :  1.678904 
purpose  :  1 
