
Results obtained with combination of parameters : 
un_year  :  1971.1 
un_max  :  0.3998374 
un_min  :  0.02831029 
uk  :  0.2376199 
th_edu  :  17.48679 
w_pnty  :  0.4814897 
post_edu  :  3.852517 
gamma  :  42.62952 
kappa  :  0.3659089 
d  :  0.05531538 
ini_d  :  2.638603 
diff_d  :  0.146827 
d_norm  :  2.420691 
purpose  :  1 
