
Results obtained with combination of parameters : 
un_year  :  1976.853 
un_max  :  0.4379226 
un_min  :  0.03213656 
uk  :  0.2594693 
th_edu  :  18.39252 
w_pnty  :  0.4244898 
post_edu  :  6.246724 
gamma  :  44.45602 
kappa  :  0.1132663 
d  :  0.07779007 
ini_d  :  2.722862 
diff_d  :  0.2401277 
d_norm  :  1.717586 
purpose  :  1 
