
Results obtained with combination of parameters : 
un_year  :  1972.256 
un_max  :  0.4385743 
un_min  :  0.03923847 
uk  :  0.2141271 
th_edu  :  15.50696 
w_pnty  :  0.486587 
post_edu  :  7.581088 
gamma  :  40.45123 
kappa  :  0.1907663 
d  :  0.06431391 
ini_d  :  2.731555 
diff_d  :  0.2971088 
d_norm  :  1.922171 
purpose  :  1 
