
Results obtained with combination of parameters : 
un_year  :  1972.073 
un_max  :  0.5686165 
un_min  :  0.0251933 
uk  :  0.1534271 
th_edu  :  17.64484 
w_pnty  :  0.4827262 
post_edu  :  6.220557 
gamma  :  35.1425 
kappa  :  0.5755015 
d  :  0.06898823 
ini_d  :  2.867725 
diff_d  :  0.2205439 
d_norm  :  1.774528 
purpose  :  1 
