
Results obtained with combination of parameters : 
un_year  :  1974.928 
un_max  :  0.3538543 
un_min  :  0.03829175 
uk  :  0.2569253 
th_edu  :  16.17217 
w_pnty  :  0.6025048 
post_edu  :  6.831845 
gamma  :  41.78466 
kappa  :  0.2964037 
d  :  0.06502999 
ini_d  :  2.929942 
diff_d  :  0.2169389 
d_norm  :  1.882859 
purpose  :  1 
