
Results obtained with combination of parameters : 
un_year  :  1972.839 
un_max  :  0.8328822 
un_min  :  0.02765092 
uk  :  0.1949065 
th_edu  :  23.31817 
w_pnty  :  0.5617065 
post_edu  :  4.204093 
gamma  :  39.26241 
kappa  :  0.1990658 
d  :  0.07116784 
ini_d  :  5.417193 
diff_d  :  0.2143585 
d_norm  :  2.325695 
purpose  :  1 
