
Results obtained with combination of parameters : 
un_year  :  1975.407 
un_max  :  0.4644406 
un_min  :  0.03842299 
uk  :  0.2011174 
th_edu  :  14.38382 
w_pnty  :  0.6693353 
post_edu  :  6.436831 
gamma  :  38.13649 
kappa  :  0.4766375 
d  :  0.08352662 
ini_d  :  2.900041 
diff_d  :  0.2867258 
d_norm  :  1.907583 
purpose  :  1 
