
Results obtained with combination of parameters : 
un_year  :  1979.835 
un_max  :  0.7163097 
un_min  :  0.0393071 
uk  :  0.1041167 
th_edu  :  22.87974 
w_pnty  :  0.580182 
post_edu  :  5.763644 
gamma  :  36.18984 
kappa  :  0.6499597 
d  :  0.06098482 
ini_d  :  5.491059 
diff_d  :  0.2164638 
d_norm  :  2.300265 
purpose  :  1 
