
Results obtained with combination of parameters : 
un_year  :  1974.346 
un_max  :  0.2605153 
un_min  :  0.006015775 
uk  :  0.2049724 
th_edu  :  23.70521 
w_pnty  :  0.4448666 
post_edu  :  3.562817 
gamma  :  44.34498 
kappa  :  0.7259929 
d  :  0.05711539 
ini_d  :  2.738233 
diff_d  :  0.1946238 
d_norm  :  2.295759 
purpose  :  1 
