
Results obtained with combination of parameters : 
un_year  :  1972.953 
un_max  :  0.4337739 
un_min  :  0.02450561 
uk  :  0.2024606 
th_edu  :  18.45669 
w_pnty  :  0.3423837 
post_edu  :  3.380019 
gamma  :  35.24292 
kappa  :  0.6147337 
d  :  0.06855419 
ini_d  :  2.935775 
diff_d  :  0.1655911 
d_norm  :  2.547173 
purpose  :  1 
