
Results obtained with combination of parameters : 
un_year  :  1973.884 
un_max  :  0.6612301 
un_min  :  0.03913951 
uk  :  0.2002581 
th_edu  :  21.05034 
w_pnty  :  0.5033791 
post_edu  :  7.257943 
gamma  :  36.03781 
kappa  :  0.4629859 
d  :  0.05065749 
ini_d  :  2.734797 
diff_d  :  0.2284511 
d_norm  :  1.947051 
purpose  :  1 
