
Results obtained with combination of parameters : 
un_year  :  1974.851 
un_max  :  0.496815 
un_min  :  0.03150514 
uk  :  0.2481206 
th_edu  :  22.17176 
w_pnty  :  0.6084717 
post_edu  :  6.501936 
gamma  :  39.8051 
kappa  :  0.4001731 
d  :  0.05610707 
ini_d  :  2.919065 
diff_d  :  0.1743652 
d_norm  :  1.864418 
purpose  :  1 
