
Results obtained with combination of parameters : 
un_year  :  1973.62 
un_max  :  0.5844073 
un_min  :  0.03800466 
uk  :  0.2002707 
th_edu  :  21.10047 
w_pnty  :  0.6713625 
post_edu  :  6.797935 
gamma  :  37.86196 
kappa  :  0.5168849 
d  :  0.06344732 
ini_d  :  2.743638 
diff_d  :  0.1750487 
d_norm  :  1.783076 
purpose  :  1 
