
Results obtained with combination of parameters : 
un_year  :  1972.322 
un_max  :  0.6213903 
un_min  :  0.03075954 
uk  :  0.2578213 
th_edu  :  14.2799 
w_pnty  :  0.4084329 
post_edu  :  7.967179 
gamma  :  44.64285 
kappa  :  0.6232507 
d  :  0.08880004 
ini_d  :  2.700531 
diff_d  :  0.2902883 
d_norm  :  1.749881 
purpose  :  1 
