
Results obtained with combination of parameters : 
un_year  :  1971.701 
un_max  :  0.3834578 
un_min  :  0.006150177 
uk  :  0.2384431 
th_edu  :  19.16064 
w_pnty  :  0.3846438 
post_edu  :  3.619673 
gamma  :  40.81456 
kappa  :  0.4714608 
d  :  0.03336808 
ini_d  :  2.97933 
diff_d  :  0.1654567 
d_norm  :  2.297847 
purpose  :  1 
