
Results obtained with combination of parameters : 
un_year  :  1975.502 
un_max  :  0.3639117 
un_min  :  0.03652517 
uk  :  0.2292085 
th_edu  :  19.1431 
w_pnty  :  0.5286393 
post_edu  :  7.917798 
gamma  :  42.82087 
kappa  :  0.2842775 
d  :  0.05367163 
ini_d  :  2.978435 
diff_d  :  0.1856317 
d_norm  :  1.878788 
purpose  :  1 
