
Results obtained with combination of parameters : 
un_year  :  1972.475 
un_max  :  0.93692 
un_min  :  0.03803661 
uk  :  0.2493138 
th_edu  :  21.18522 
w_pnty  :  0.4933423 
post_edu  :  4.912943 
gamma  :  36.09459 
kappa  :  0.3534724 
d  :  0.06286283 
ini_d  :  4.931027 
diff_d  :  0.2929406 
d_norm  :  2.744243 
purpose  :  1 
