
Results obtained with combination of parameters : 
un_year  :  1973.369 
un_max  :  0.4951068 
un_min  :  0.03843796 
uk  :  0.1888418 
th_edu  :  16.77847 
w_pnty  :  0.4921727 
post_edu  :  5.312333 
gamma  :  37.04712 
kappa  :  0.3666573 
d  :  0.0773671 
ini_d  :  2.732127 
diff_d  :  0.1656805 
d_norm  :  1.961414 
purpose  :  2 
