
Results obtained with combination of parameters : 
un_year  :  1974.523 
un_max  :  0.6810467 
un_min  :  0.03245559 
uk  :  0.202275 
th_edu  :  22.35155 
w_pnty  :  0.5196746 
post_edu  :  7.859566 
gamma  :  39.29248 
kappa  :  0.4306384 
d  :  0.07996657 
ini_d  :  2.823611 
diff_d  :  0.2414716 
d_norm  :  1.887343 
purpose  :  1 
