
Results obtained with combination of parameters : 
un_year  :  1972.491 
un_max  :  0.7226246 
un_min  :  0.02566121 
uk  :  0.2434295 
th_edu  :  23.12184 
w_pnty  :  0.6230459 
post_edu  :  5.744182 
gamma  :  38.53018 
kappa  :  0.3329529 
d  :  0.0709161 
ini_d  :  2.861921 
diff_d  :  0.1624619 
d_norm  :  1.780727 
purpose  :  1 
