
Results obtained with combination of parameters : 
un_year  :  1972.215 
un_max  :  0.3668344 
un_min  :  0.03028498 
uk  :  0.1966686 
th_edu  :  19.13033 
w_pnty  :  0.3151928 
post_edu  :  4.009112 
gamma  :  42.73911 
kappa  :  0.5528277 
d  :  0.06073653 
ini_d  :  2.643684 
diff_d  :  0.1699795 
d_norm  :  2.549179 
purpose  :  1 
