
Results obtained with combination of parameters : 
un_year  :  1971.431 
un_max  :  0.334755 
un_min  :  0.01180032 
uk  :  0.2193553 
th_edu  :  17.76214 
w_pnty  :  0.5841855 
post_edu  :  3.811925 
gamma  :  44.84098 
kappa  :  0.597789 
d  :  0.07331153 
ini_d  :  2.778092 
diff_d  :  0.1722279 
d_norm  :  2.395771 
purpose  :  1 
