
Results obtained with combination of parameters : 
un_year  :  1973.053 
un_max  :  0.2856366 
un_min  :  0.01313653 
uk  :  0.2265207 
th_edu  :  17.55772 
w_pnty  :  0.49166 
post_edu  :  3.320516 
gamma  :  38.25674 
kappa  :  0.4464684 
d  :  0.04978656 
ini_d  :  2.879161 
diff_d  :  0.1762714 
d_norm  :  2.478611 
purpose  :  1 
