
Results obtained with combination of parameters : 
un_year  :  1974.341 
un_max  :  0.4603752 
un_min  :  0.03693779 
uk  :  0.2454806 
th_edu  :  15.64762 
w_pnty  :  0.5061205 
post_edu  :  5.611191 
gamma  :  43.41787 
kappa  :  0.2318808 
d  :  0.0825825 
ini_d  :  2.978218 
diff_d  :  0.2037648 
d_norm  :  1.986224 
purpose  :  1 
