
Results obtained with combination of parameters : 
un_year  :  1976.913 
un_max  :  0.5065486 
un_min  :  0.03097871 
uk  :  0.2026563 
th_edu  :  22.14579 
w_pnty  :  0.5433154 
post_edu  :  7.310821 
gamma  :  39.60625 
kappa  :  0.3842116 
d  :  0.05672247 
ini_d  :  2.818324 
diff_d  :  0.2399118 
d_norm  :  1.624009 
purpose  :  1 
