
Results obtained with combination of parameters : 
un_year  :  1978.994 
un_max  :  0.7932674 
un_min  :  0.03971296 
uk  :  0.2688976 
th_edu  :  21.08836 
w_pnty  :  0.4066052 
post_edu  :  3.470594 
gamma  :  37.44361 
kappa  :  0.5392778 
d  :  0.05246113 
ini_d  :  4.750283 
diff_d  :  0.2643957 
d_norm  :  2.371906 
purpose  :  2 
