
Results obtained with combination of parameters : 
un_year  :  1972.087 
un_max  :  0.3122611 
un_min  :  0.04219145 
uk  :  0.2245512 
th_edu  :  19.9779 
w_pnty  :  0.2030171 
post_edu  :  3.101959 
gamma  :  35.73453 
kappa  :  0.1472792 
d  :  0.06031335 
ini_d  :  2.635462 
diff_d  :  0.1689696 
d_norm  :  2.220973 
purpose  :  1 
