
Results obtained with combination of parameters : 
un_year  :  1975.85 
un_max  :  0.343626 
un_min  :  0.03791804 
uk  :  0.2758394 
th_edu  :  17.15617 
w_pnty  :  0.2819008 
post_edu  :  3.536603 
gamma  :  39.47758 
kappa  :  0.8208389 
d  :  0.05741775 
ini_d  :  2.665164 
diff_d  :  0.1962384 
d_norm  :  2.290906 
purpose  :  1 
