
Results obtained with combination of parameters : 
un_year  :  1974.619 
un_max  :  0.6162075 
un_min  :  0.03140711 
uk  :  0.1996845 
th_edu  :  20.11946 
w_pnty  :  0.4302242 
post_edu  :  6.842867 
gamma  :  43.79895 
kappa  :  0.2649717 
d  :  0.06227649 
ini_d  :  2.757806 
diff_d  :  0.175914 
d_norm  :  1.799087 
purpose  :  1 
