
Results obtained with combination of parameters : 
un_year  :  1975.177 
un_max  :  0.5156177 
un_min  :  0.03177244 
uk  :  0.2019929 
th_edu  :  22.96413 
w_pnty  :  0.4194513 
post_edu  :  5.814488 
gamma  :  42.18005 
kappa  :  0.5486881 
d  :  0.07610281 
ini_d  :  2.725924 
diff_d  :  0.2269799 
d_norm  :  1.904633 
purpose  :  1 
