
Results obtained with combination of parameters : 
un_year  :  1971.479 
un_max  :  0.2613558 
un_min  :  0.007864717 
uk  :  0.2633623 
th_edu  :  14.42982 
w_pnty  :  0.2267661 
post_edu  :  4.371975 
gamma  :  36.57402 
kappa  :  0.1525919 
d  :  0.05549308 
ini_d  :  2.650206 
diff_d  :  0.1996858 
d_norm  :  2.497359 
purpose  :  2 
