
Results obtained with combination of parameters : 
un_year  :  1975.066 
un_max  :  0.8283618 
un_min  :  0.03442818 
uk  :  0.2262477 
th_edu  :  14.24255 
w_pnty  :  0.615075 
post_edu  :  4.82838 
gamma  :  37.88159 
kappa  :  0.3607791 
d  :  0.07443725 
ini_d  :  4.727915 
diff_d  :  0.2534432 
d_norm  :  2.489948 
purpose  :  1 
