
Results obtained with combination of parameters : 
un_year  :  1972.731 
un_max  :  0.6757297 
un_min  :  0.03348172 
uk  :  0.1139826 
th_edu  :  15.41364 
w_pnty  :  0.4084692 
post_edu  :  6.07218 
gamma  :  41.13215 
kappa  :  0.161711 
d  :  0.05573356 
ini_d  :  5.339129 
diff_d  :  0.2052616 
d_norm  :  2.334982 
purpose  :  1 
