
Results obtained with combination of parameters : 
un_year  :  1977.213 
un_max  :  0.4492877 
un_min  :  0.02501109 
uk  :  0.1712624 
th_edu  :  18.57804 
w_pnty  :  0.5476103 
post_edu  :  6.941661 
gamma  :  43.27987 
kappa  :  0.5017025 
d  :  0.0780648 
ini_d  :  2.735088 
diff_d  :  0.2161162 
d_norm  :  1.926629 
purpose  :  1 
