
Results obtained with combination of parameters : 
un_year  :  1974.356 
un_max  :  0.4002263 
un_min  :  0.04455968 
uk  :  0.2073425 
th_edu  :  23.43309 
w_pnty  :  0.5460273 
post_edu  :  3.35902 
gamma  :  42.77702 
kappa  :  0.2856242 
d  :  0.08216897 
ini_d  :  2.930051 
diff_d  :  0.1518239 
d_norm  :  2.248195 
purpose  :  1 
