
Results obtained with combination of parameters : 
un_year  :  1973.889 
un_max  :  0.7790551 
un_min  :  0.0284642 
uk  :  0.1565762 
th_edu  :  19.70921 
w_pnty  :  0.6074438 
post_edu  :  5.801791 
gamma  :  40.8015 
kappa  :  0.201256 
d  :  0.0742387 
ini_d  :  4.931704 
diff_d  :  0.2382878 
d_norm  :  2.610745 
purpose  :  1 
