
Results obtained with combination of parameters : 
un_year  :  1971.623 
un_max  :  0.3673955 
un_min  :  0.01975845 
uk  :  0.2457155 
th_edu  :  19.06739 
w_pnty  :  0.5847231 
post_edu  :  4.346412 
gamma  :  44.11286 
kappa  :  0.4841284 
d  :  0.03526123 
ini_d  :  2.926136 
diff_d  :  0.1717198 
d_norm  :  2.437666 
purpose  :  1 
