
Results obtained with combination of parameters : 
un_year  :  1976.03 
un_max  :  0.6997896 
un_min  :  0.03826793 
uk  :  0.1683036 
th_edu  :  15.18237 
w_pnty  :  0.5338635 
post_edu  :  5.061212 
gamma  :  38.75256 
kappa  :  0.4075409 
d  :  0.0596375 
ini_d  :  4.956721 
diff_d  :  0.2585861 
d_norm  :  2.755569 
purpose  :  1 
