
Results obtained with combination of parameters : 
un_year  :  1972.312 
un_max  :  0.529615 
un_min  :  0.03822988 
uk  :  0.2365903 
th_edu  :  18.6311 
w_pnty  :  0.6185744 
post_edu  :  7.503548 
gamma  :  44.23721 
kappa  :  0.5951984 
d  :  0.05195093 
ini_d  :  2.855277 
diff_d  :  0.1513653 
d_norm  :  1.78 
purpose  :  1 
