
Results obtained with combination of parameters : 
un_year  :  1974.33 
un_max  :  0.6098949 
un_min  :  0.03000217 
uk  :  0.2224991 
th_edu  :  18.98108 
w_pnty  :  0.5692636 
post_edu  :  5.716036 
gamma  :  42.88972 
kappa  :  0.4173434 
d  :  0.05473526 
ini_d  :  2.956508 
diff_d  :  0.2021681 
d_norm  :  1.969635 
purpose  :  1 
