
Results obtained with combination of parameters : 
un_year  :  1974.096 
un_max  :  0.7104641 
un_min  :  0.0395658 
uk  :  0.2133328 
th_edu  :  18.42461 
w_pnty  :  0.4178768 
post_edu  :  6.606171 
gamma  :  44.24427 
kappa  :  0.4506096 
d  :  0.05354268 
ini_d  :  4.743659 
diff_d  :  0.2761434 
d_norm  :  2.758117 
purpose  :  1 
