
Results obtained with combination of parameters : 
un_year  :  1972.356 
un_max  :  0.2864004 
un_min  :  0.01993487 
uk  :  0.2495446 
th_edu  :  15.18298 
w_pnty  :  0.2436017 
post_edu  :  3.239018 
gamma  :  39.57105 
kappa  :  0.8130898 
d  :  0.03068361 
ini_d  :  2.667488 
diff_d  :  0.1849652 
d_norm  :  2.376937 
purpose  :  1 
