
Results obtained with combination of parameters : 
un_year  :  1975.161 
un_max  :  0.4062469 
un_min  :  0.03068053 
uk  :  0.1838119 
th_edu  :  17.67493 
w_pnty  :  0.6061592 
post_edu  :  5.658628 
gamma  :  41.61454 
kappa  :  0.5794743 
d  :  0.07205558 
ini_d  :  2.771025 
diff_d  :  0.1810892 
d_norm  :  1.7852 
purpose  :  1 
