
Results obtained with combination of parameters : 
un_year  :  1973.244 
un_max  :  0.419865 
un_min  :  0.01258693 
uk  :  0.2352332 
th_edu  :  20.96074 
w_pnty  :  0.2344144 
post_edu  :  3.683972 
gamma  :  41.04756 
kappa  :  0.1973748 
d  :  0.07819731 
ini_d  :  2.852434 
diff_d  :  0.1701364 
d_norm  :  2.550925 
purpose  :  1 
