
Results obtained with combination of parameters : 
un_year  :  1973.087 
un_max  :  0.4730289 
un_min  :  0.03619678 
uk  :  0.2072297 
th_edu  :  18.3782 
w_pnty  :  0.5207459 
post_edu  :  6.511334 
gamma  :  42.62111 
kappa  :  0.5341484 
d  :  0.05108214 
ini_d  :  2.918769 
diff_d  :  0.2380457 
d_norm  :  1.727005 
purpose  :  1 
