
Results obtained with combination of parameters : 
un_year  :  1975.346 
un_max  :  0.3251743 
un_min  :  0.00766089 
uk  :  0.2022662 
th_edu  :  18.8456 
w_pnty  :  0.438544 
post_edu  :  3.05408 
gamma  :  44.22213 
kappa  :  0.6807372 
d  :  0.08275933 
ini_d  :  2.916171 
diff_d  :  0.1956565 
d_norm  :  2.523669 
purpose  :  1 
