
Results obtained with combination of parameters : 
un_year  :  1972.334 
un_max  :  0.6950092 
un_min  :  0.03359012 
uk  :  0.2660547 
th_edu  :  14.60488 
w_pnty  :  0.51936 
post_edu  :  7.940797 
gamma  :  36.79194 
kappa  :  0.6565066 
d  :  0.08860315 
ini_d  :  2.983659 
diff_d  :  0.1625378 
d_norm  :  1.982573 
purpose  :  1 
