
Results obtained with combination of parameters : 
un_year  :  1974.922 
un_max  :  0.2938958 
un_min  :  0.01340656 
uk  :  0.2013219 
th_edu  :  17.32962 
w_pnty  :  0.3304547 
post_edu  :  3.313521 
gamma  :  41.09215 
kappa  :  0.7144569 
d  :  0.06274519 
ini_d  :  2.845617 
diff_d  :  0.1445023 
d_norm  :  2.589587 
purpose  :  1 
