
Results obtained with combination of parameters : 
un_year  :  1972.94 
un_max  :  0.7566627 
un_min  :  0.03691236 
uk  :  0.2096984 
th_edu  :  23.26686 
w_pnty  :  0.5501383 
post_edu  :  3.832123 
gamma  :  43.21684 
kappa  :  0.3104557 
d  :  0.08549821 
ini_d  :  5.253057 
diff_d  :  0.2330866 
d_norm  :  2.317964 
purpose  :  1 
