
Results obtained with combination of parameters : 
un_year  :  1973.363 
un_max  :  0.4773581 
un_min  :  0.02729594 
uk  :  0.2252718 
th_edu  :  20.01277 
w_pnty  :  0.5508088 
post_edu  :  5.047546 
gamma  :  38.65705 
kappa  :  0.2851228 
d  :  0.07361057 
ini_d  :  2.887714 
diff_d  :  0.1983606 
d_norm  :  1.81514 
purpose  :  1 
