
Results obtained with combination of parameters : 
un_year  :  1972.241 
un_max  :  0.3390381 
un_min  :  0.01909032 
uk  :  0.2530447 
th_edu  :  22.9743 
w_pnty  :  0.4728896 
post_edu  :  3.011104 
gamma  :  44.31149 
kappa  :  0.8537638 
d  :  0.06126331 
ini_d  :  2.695731 
diff_d  :  0.1683415 
d_norm  :  2.523233 
purpose  :  1 
