
Results obtained with combination of parameters : 
un_year  :  1975.626 
un_max  :  0.2895908 
un_min  :  0.02706711 
uk  :  0.1979374 
th_edu  :  16.58106 
w_pnty  :  0.4311296 
post_edu  :  4.059584 
gamma  :  37.34935 
kappa  :  0.6165326 
d  :  0.04308109 
ini_d  :  2.789191 
diff_d  :  0.1454443 
d_norm  :  2.259898 
purpose  :  1 
