
Results obtained with combination of parameters : 
un_year  :  1971.065 
un_max  :  0.4260622 
un_min  :  0.005975361 
uk  :  0.1915059 
th_edu  :  16.42901 
w_pnty  :  0.4420288 
post_edu  :  4.349495 
gamma  :  44.69429 
kappa  :  0.2647317 
d  :  0.04337161 
ini_d  :  2.747794 
diff_d  :  0.1778931 
d_norm  :  2.207246 
purpose  :  1 
