
Results obtained with combination of parameters : 
un_year  :  1972.736 
un_max  :  0.5320758 
un_min  :  0.0378929 
uk  :  0.2633478 
th_edu  :  16.05197 
w_pnty  :  0.5129383 
post_edu  :  7.270144 
gamma  :  36.27053 
kappa  :  0.5587203 
d  :  0.08720755 
ini_d  :  2.95421 
diff_d  :  0.1540095 
d_norm  :  1.995133 
purpose  :  1 
