
Results obtained with combination of parameters : 
un_year  :  1972.578 
un_max  :  0.4653617 
un_min  :  0.02816312 
uk  :  0.2579389 
th_edu  :  23.63167 
w_pnty  :  0.6847237 
post_edu  :  5.941015 
gamma  :  44.77326 
kappa  :  0.1085706 
d  :  0.05401384 
ini_d  :  2.882596 
diff_d  :  0.1975219 
d_norm  :  1.781486 
purpose  :  1 
