
Results obtained with combination of parameters : 
un_year  :  1973.628 
un_max  :  0.509837 
un_min  :  0.0393245 
uk  :  0.2114528 
th_edu  :  20.88041 
w_pnty  :  0.6079974 
post_edu  :  6.892565 
gamma  :  40.90717 
kappa  :  0.4889197 
d  :  0.07977487 
ini_d  :  2.757528 
diff_d  :  0.2667034 
d_norm  :  1.681394 
purpose  :  1 
