
Results obtained with combination of parameters : 
un_year  :  1974.25 
un_max  :  0.8684233 
un_min  :  0.02878899 
uk  :  0.237007 
th_edu  :  17.96927 
w_pnty  :  0.6103788 
post_edu  :  5.918631 
gamma  :  37.70202 
kappa  :  0.2521852 
d  :  0.07518661 
ini_d  :  5.098278 
diff_d  :  0.2270718 
d_norm  :  2.357623 
purpose  :  1 
