
Results obtained with combination of parameters : 
un_year  :  1974.398 
un_max  :  0.265512 
un_min  :  0.02459451 
uk  :  0.2631817 
th_edu  :  15.93889 
w_pnty  :  0.2922176 
post_edu  :  3.269335 
gamma  :  36.56037 
kappa  :  0.8061453 
d  :  0.06674777 
ini_d  :  2.701595 
diff_d  :  0.1980959 
d_norm  :  2.295124 
purpose  :  1 
