
Results obtained with combination of parameters : 
un_year  :  1975.751 
un_max  :  0.3126378 
un_min  :  0.01749283 
uk  :  0.277494 
th_edu  :  22.10462 
w_pnty  :  0.3230006 
post_edu  :  4.310253 
gamma  :  36.4572 
kappa  :  0.7721852 
d  :  0.07691648 
ini_d  :  2.641087 
diff_d  :  0.1784532 
d_norm  :  2.581419 
purpose  :  1 
