
Results obtained with combination of parameters : 
un_year  :  1972.654 
un_max  :  0.3209921 
un_min  :  0.006522938 
uk  :  0.2142783 
th_edu  :  18.55373 
w_pnty  :  0.5206749 
post_edu  :  3.641722 
gamma  :  39.69866 
kappa  :  0.5274843 
d  :  0.08972919 
ini_d  :  2.757807 
diff_d  :  0.1957101 
d_norm  :  2.54054 
purpose  :  1 
