
Results obtained with combination of parameters : 
un_year  :  1972.516 
un_max  :  0.7390053 
un_min  :  0.03023473 
uk  :  0.2547645 
th_edu  :  21.70822 
w_pnty  :  0.6427435 
post_edu  :  7.559097 
gamma  :  35.39424 
kappa  :  0.6553821 
d  :  0.05092821 
ini_d  :  2.747963 
diff_d  :  0.196092 
d_norm  :  1.622896 
purpose  :  1 
