
Results obtained with combination of parameters : 
un_year  :  1977.695 
un_max  :  0.6963947 
un_min  :  0.03858864 
uk  :  0.1316291 
th_edu  :  23.59069 
w_pnty  :  0.4653776 
post_edu  :  6.642719 
gamma  :  44.18708 
kappa  :  0.5606788 
d  :  0.05089636 
ini_d  :  5.415421 
diff_d  :  0.223269 
d_norm  :  2.314012 
purpose  :  1 
