
Results obtained with combination of parameters : 
un_year  :  1974.202 
un_max  :  0.4113926 
un_min  :  0.02535672 
uk  :  0.2461368 
th_edu  :  15.38845 
w_pnty  :  0.6731 
post_edu  :  5.732272 
gamma  :  40.5591 
kappa  :  0.4277058 
d  :  0.0708409 
ini_d  :  2.732089 
diff_d  :  0.2881942 
d_norm  :  1.789612 
purpose  :  1 
