
Results obtained with combination of parameters : 
un_year  :  1972.817 
un_max  :  0.3966969 
un_min  :  0.03241719 
uk  :  0.2208844 
th_edu  :  15.61402 
w_pnty  :  0.4004253 
post_edu  :  3.810072 
gamma  :  36.2481 
kappa  :  0.3526427 
d  :  0.07337619 
ini_d  :  2.861589 
diff_d  :  0.1729099 
d_norm  :  2.316721 
purpose  :  2 
