
Results obtained with combination of parameters : 
un_year  :  1975.031 
un_max  :  0.4397763 
un_min  :  0.01648658 
uk  :  0.2680632 
th_edu  :  19.60774 
w_pnty  :  0.4331255 
post_edu  :  4.440789 
gamma  :  39.14645 
kappa  :  0.5387917 
d  :  0.04981245 
ini_d  :  2.717737 
diff_d  :  0.1837019 
d_norm  :  2.260615 
purpose  :  1 
