
Results obtained with combination of parameters : 
un_year  :  1973.154 
un_max  :  0.4892575 
un_min  :  0.03362107 
uk  :  0.1971815 
th_edu  :  20.72435 
w_pnty  :  0.5891911 
post_edu  :  7.640914 
gamma  :  37.81487 
kappa  :  0.2591399 
d  :  0.07214703 
ini_d  :  2.899512 
diff_d  :  0.1657598 
d_norm  :  1.751133 
purpose  :  1 
