
Results obtained with combination of parameters : 
un_year  :  1973.182 
un_max  :  0.3675299 
un_min  :  0.01561713 
uk  :  0.2084984 
th_edu  :  16.33003 
w_pnty  :  0.4513591 
post_edu  :  3.800602 
gamma  :  40.12448 
kappa  :  0.7333189 
d  :  0.06810326 
ini_d  :  2.882915 
diff_d  :  0.1859708 
d_norm  :  2.30057 
purpose  :  2 
