
Results obtained with combination of parameters : 
un_year  :  1976.654 
un_max  :  0.8106078 
un_min  :  0.02817709 
uk  :  0.2058804 
th_edu  :  19.25588 
w_pnty  :  0.5680743 
post_edu  :  3.917418 
gamma  :  40.35069 
kappa  :  0.328332 
d  :  0.07287027 
ini_d  :  5.462421 
diff_d  :  0.2214461 
d_norm  :  2.666379 
purpose  :  1 
