
Results obtained with combination of parameters : 
un_year  :  1973.998 
un_max  :  0.8390151 
un_min  :  0.03797531 
uk  :  0.1182762 
th_edu  :  15.65517 
w_pnty  :  0.5139098 
post_edu  :  5.342201 
gamma  :  41.75764 
kappa  :  0.291878 
d  :  0.08490673 
ini_d  :  5.44358 
diff_d  :  0.2109617 
d_norm  :  2.300582 
purpose  :  1 
