
Results obtained with combination of parameters : 
un_year  :  1977.285 
un_max  :  0.8602633 
un_min  :  0.03294099 
uk  :  0.2047236 
th_edu  :  22.56306 
w_pnty  :  0.5778242 
post_edu  :  4.877805 
gamma  :  38.10767 
kappa  :  0.1642475 
d  :  0.07607304 
ini_d  :  5.285034 
diff_d  :  0.2076487 
d_norm  :  2.741074 
purpose  :  1 
