
Results obtained with combination of parameters : 
un_year  :  1973.406 
un_max  :  0.7210792 
un_min  :  0.03496078 
uk  :  0.206421 
th_edu  :  19.10956 
w_pnty  :  0.4134715 
post_edu  :  7.754789 
gamma  :  42.5352 
kappa  :  0.5318025 
d  :  0.05218787 
ini_d  :  2.934029 
diff_d  :  0.2106945 
d_norm  :  1.772056 
purpose  :  1 
