
Results obtained with combination of parameters : 
un_year  :  1976.494 
un_max  :  0.7107224 
un_min  :  0.02520314 
uk  :  0.1107864 
th_edu  :  23.13273 
w_pnty  :  0.4134673 
post_edu  :  3.159463 
gamma  :  44.16714 
kappa  :  0.2391072 
d  :  0.07694703 
ini_d  :  5.472498 
diff_d  :  0.2426271 
d_norm  :  2.421708 
purpose  :  2 
