
Results obtained with combination of parameters : 
un_year  :  1977.352 
un_max  :  0.380335 
un_min  :  0.02524196 
uk  :  0.1822456 
th_edu  :  19.24603 
w_pnty  :  0.476595 
post_edu  :  6.981284 
gamma  :  44.97003 
kappa  :  0.3171517 
d  :  0.08241879 
ini_d  :  2.801926 
diff_d  :  0.278014 
d_norm  :  1.842834 
purpose  :  1 
