
Results obtained with combination of parameters : 
un_year  :  1973.489 
un_max  :  0.3200243 
un_min  :  0.01499818 
uk  :  0.204833 
th_edu  :  18.76097 
w_pnty  :  0.4251836 
post_edu  :  3.357851 
gamma  :  41.94347 
kappa  :  0.3244356 
d  :  0.05466209 
ini_d  :  2.64694 
diff_d  :  0.165108 
d_norm  :  2.40145 
purpose  :  1 
