
Results obtained with combination of parameters : 
un_year  :  1976.883 
un_max  :  0.5560636 
un_min  :  0.02915591 
uk  :  0.2043819 
th_edu  :  18.64187 
w_pnty  :  0.4754101 
post_edu  :  7.096036 
gamma  :  35.49506 
kappa  :  0.1761696 
d  :  0.07894892 
ini_d  :  2.992759 
diff_d  :  0.1685855 
d_norm  :  1.811693 
purpose  :  1 
