
Results obtained with combination of parameters : 
un_year  :  1977.732 
un_max  :  0.5365546 
un_min  :  0.02909646 
uk  :  0.2673893 
th_edu  :  14.86862 
w_pnty  :  0.5457396 
post_edu  :  6.750417 
gamma  :  42.70961 
kappa  :  0.2658653 
d  :  0.08093851 
ini_d  :  2.817122 
diff_d  :  0.192473 
d_norm  :  1.884482 
purpose  :  1 
