
Results obtained with combination of parameters : 
un_year  :  1973.979 
un_max  :  0.3717019 
un_min  :  0.02769076 
uk  :  0.2313117 
th_edu  :  22.83406 
w_pnty  :  0.4782467 
post_edu  :  7.693884 
gamma  :  37.32402 
kappa  :  0.6871453 
d  :  0.05378571 
ini_d  :  2.838514 
diff_d  :  0.1817341 
d_norm  :  1.909626 
purpose  :  1 
