
Results obtained with combination of parameters : 
un_year  :  1972.094 
un_max  :  0.7030172 
un_min  :  0.03945126 
uk  :  0.2171136 
th_edu  :  17.87798 
w_pnty  :  0.605269 
post_edu  :  7.751536 
gamma  :  37.6404 
kappa  :  0.6151612 
d  :  0.06891555 
ini_d  :  2.942993 
diff_d  :  0.1708781 
d_norm  :  1.780172 
purpose  :  1 
