
Results obtained with combination of parameters : 
un_year  :  1976.993 
un_max  :  0.6838352 
un_min  :  0.0369119 
uk  :  0.1699977 
th_edu  :  23.84633 
w_pnty  :  0.6401866 
post_edu  :  7.685779 
gamma  :  44.4422 
kappa  :  0.6123154 
d  :  0.06094515 
ini_d  :  2.998528 
diff_d  :  0.2573008 
d_norm  :  1.623222 
purpose  :  2 
