
Results obtained with combination of parameters : 
un_year  :  1971.961 
un_max  :  0.3542126 
un_min  :  0.01889509 
uk  :  0.2621824 
th_edu  :  18.43109 
w_pnty  :  0.4351178 
post_edu  :  3.981496 
gamma  :  41.57244 
kappa  :  0.3108489 
d  :  0.07734793 
ini_d  :  2.74733 
diff_d  :  0.1706177 
d_norm  :  2.552764 
purpose  :  1 
