
Results obtained with combination of parameters : 
un_year  :  1977.617 
un_max  :  0.8099736 
un_min  :  0.0360313 
uk  :  0.2216144 
th_edu  :  20.99563 
w_pnty  :  0.6384671 
post_edu  :  5.8043 
gamma  :  39.17701 
kappa  :  0.2941828 
d  :  0.06425911 
ini_d  :  5.237648 
diff_d  :  0.242075 
d_norm  :  2.567478 
purpose  :  2 
