
Results obtained with combination of parameters : 
un_year  :  1975.225 
un_max  :  0.8228776 
un_min  :  0.03236664 
uk  :  0.1412086 
th_edu  :  21.51828 
w_pnty  :  0.6739546 
post_edu  :  6.531685 
gamma  :  41.25949 
kappa  :  0.5261129 
d  :  0.06116983 
ini_d  :  5.351626 
diff_d  :  0.2754458 
d_norm  :  2.417875 
purpose  :  1 
