
Results obtained with combination of parameters : 
un_year  :  1975.798 
un_max  :  0.3573922 
un_min  :  0.04246898 
uk  :  0.2159249 
th_edu  :  23.33302 
w_pnty  :  0.558668 
post_edu  :  3.587428 
gamma  :  39.97603 
kappa  :  0.3211733 
d  :  0.06157396 
ini_d  :  2.80059 
diff_d  :  0.1439067 
d_norm  :  2.472194 
purpose  :  1 
