
Results obtained with combination of parameters : 
un_year  :  1977.755 
un_max  :  0.7268998 
un_min  :  0.03750335 
uk  :  0.1502764 
th_edu  :  20.06831 
w_pnty  :  0.578835 
post_edu  :  5.781582 
gamma  :  36.86838 
kappa  :  0.1696573 
d  :  0.05936078 
ini_d  :  5.315162 
diff_d  :  0.2855431 
d_norm  :  2.474606 
purpose  :  2 
