
Results obtained with combination of parameters : 
un_year  :  1975.262 
un_max  :  0.6187577 
un_min  :  0.03095463 
uk  :  0.1521268 
th_edu  :  23.99749 
w_pnty  :  0.5756329 
post_edu  :  7.411625 
gamma  :  37.79885 
kappa  :  0.3984569 
d  :  0.08210121 
ini_d  :  2.824309 
diff_d  :  0.2466969 
d_norm  :  1.92792 
purpose  :  1 
