
Results obtained with combination of parameters : 
un_year  :  1974.063 
un_max  :  0.8364306 
un_min  :  0.03365823 
uk  :  0.1787115 
th_edu  :  17.26252 
w_pnty  :  0.5694221 
post_edu  :  5.056565 
gamma  :  42.37966 
kappa  :  0.43044 
d  :  0.07575989 
ini_d  :  5.22479 
diff_d  :  0.2492715 
d_norm  :  2.542314 
purpose  :  2 
