
Results obtained with combination of parameters : 
un_year  :  1972.237 
un_max  :  0.3637048 
un_min  :  0.02676908 
uk  :  0.2119142 
th_edu  :  16.60653 
w_pnty  :  0.4701462 
post_edu  :  3.62774 
gamma  :  37.43229 
kappa  :  0.4036314 
d  :  0.07292492 
ini_d  :  2.922745 
diff_d  :  0.1919779 
d_norm  :  2.367703 
purpose  :  1 
