
Results obtained with combination of parameters : 
un_year  :  1975.37 
un_max  :  0.7654358 
un_min  :  0.03812042 
uk  :  0.2289854 
th_edu  :  21.44901 
w_pnty  :  0.4125627 
post_edu  :  6.847301 
gamma  :  41.56672 
kappa  :  0.1922018 
d  :  0.05663382 
ini_d  :  5.486676 
diff_d  :  0.2434155 
d_norm  :  2.471217 
purpose  :  1 
