
Results obtained with combination of parameters : 
un_year  :  1973.898 
un_max  :  0.5071674 
un_min  :  0.03838171 
uk  :  0.1625106 
th_edu  :  22.09475 
w_pnty  :  0.6281827 
post_edu  :  6.039865 
gamma  :  40.51748 
kappa  :  0.3764923 
d  :  0.07094558 
ini_d  :  2.869449 
diff_d  :  0.2702567 
d_norm  :  1.811537 
purpose  :  1 
