
Results obtained with combination of parameters : 
un_year  :  1975.221 
un_max  :  0.4718671 
un_min  :  0.02583447 
uk  :  0.1806372 
th_edu  :  19.85296 
w_pnty  :  0.5598247 
post_edu  :  6.113694 
gamma  :  41.98821 
kappa  :  0.3385727 
d  :  0.07845314 
ini_d  :  2.755527 
diff_d  :  0.221305 
d_norm  :  1.842051 
purpose  :  1 
