
Results obtained with combination of parameters : 
un_year  :  1976.828 
un_max  :  0.7187088 
un_min  :  0.02771636 
uk  :  0.2219177 
th_edu  :  19.33563 
w_pnty  :  0.5403169 
post_edu  :  7.090888 
gamma  :  43.75202 
kappa  :  0.4568034 
d  :  0.08046599 
ini_d  :  2.957264 
diff_d  :  0.2100786 
d_norm  :  1.795283 
purpose  :  1 
