
Results obtained with combination of parameters : 
un_year  :  1977.541 
un_max  :  0.8048533 
un_min  :  0.02903815 
uk  :  0.2291468 
th_edu  :  22.67236 
w_pnty  :  0.4330306 
post_edu  :  5.238619 
gamma  :  39.91226 
kappa  :  0.503649 
d  :  0.05215803 
ini_d  :  4.875689 
diff_d  :  0.2011444 
d_norm  :  2.738238 
purpose  :  1 
