
Results obtained with combination of parameters : 
un_year  :  1974.763 
un_max  :  0.2997792 
un_min  :  0.03575194 
uk  :  0.2620725 
th_edu  :  15.48765 
w_pnty  :  0.4538421 
post_edu  :  4.322952 
gamma  :  35.12225 
kappa  :  0.328938 
d  :  0.08754093 
ini_d  :  2.825897 
diff_d  :  0.1805214 
d_norm  :  2.30245 
purpose  :  1 
