
Results obtained with combination of parameters : 
un_year  :  1974.631 
un_max  :  0.6739047 
un_min  :  0.03703028 
uk  :  0.1810646 
th_edu  :  23.35496 
w_pnty  :  0.5151553 
post_edu  :  7.645083 
gamma  :  43.42893 
kappa  :  0.2682283 
d  :  0.08228141 
ini_d  :  2.783646 
diff_d  :  0.224439 
d_norm  :  1.799609 
purpose  :  1 
