
Results obtained with combination of parameters : 
un_year  :  1973.203 
un_max  :  0.5188804 
un_min  :  0.03287667 
uk  :  0.2030576 
th_edu  :  16.68689 
w_pnty  :  0.4976523 
post_edu  :  7.17757 
gamma  :  39.70478 
kappa  :  0.4119215 
d  :  0.08235764 
ini_d  :  2.714332 
diff_d  :  0.2304865 
d_norm  :  1.897737 
purpose  :  1 
