
Results obtained with combination of parameters : 
un_year  :  1977.55 
un_max  :  0.5293879 
un_min  :  0.02905917 
uk  :  0.1547219 
th_edu  :  20.31738 
w_pnty  :  0.529126 
post_edu  :  7.210452 
gamma  :  42.48693 
kappa  :  0.4947143 
d  :  0.06982926 
ini_d  :  2.920384 
diff_d  :  0.2370822 
d_norm  :  1.907543 
purpose  :  1 
