
Results obtained with combination of parameters : 
un_year  :  1977.142 
un_max  :  0.4246335 
un_min  :  0.03785061 
uk  :  0.2021707 
th_edu  :  17.84194 
w_pnty  :  0.6489553 
post_edu  :  7.323808 
gamma  :  40.02008 
kappa  :  0.2958278 
d  :  0.05906336 
ini_d  :  2.92721 
diff_d  :  0.177379 
d_norm  :  1.869715 
purpose  :  1 
