
Results obtained with combination of parameters : 
un_year  :  1975.867 
un_max  :  0.6498761 
un_min  :  0.03604513 
uk  :  0.2394313 
th_edu  :  18.84042 
w_pnty  :  0.6456084 
post_edu  :  5.189811 
gamma  :  43.46919 
kappa  :  0.5226438 
d  :  0.08653027 
ini_d  :  2.843109 
diff_d  :  0.2894894 
d_norm  :  1.910507 
purpose  :  1 
