
Results obtained with combination of parameters : 
un_year  :  1976.529 
un_max  :  0.7643535 
un_min  :  0.03647629 
uk  :  0.1739602 
th_edu  :  16.14412 
w_pnty  :  0.6514015 
post_edu  :  3.179175 
gamma  :  44.05882 
kappa  :  0.29535 
d  :  0.06346752 
ini_d  :  5.135678 
diff_d  :  0.2121882 
d_norm  :  2.401809 
purpose  :  1 
