
Results obtained with combination of parameters : 
un_year  :  1972.199 
un_max  :  0.6596825 
un_min  :  0.03801725 
uk  :  0.1957983 
th_edu  :  17.61998 
w_pnty  :  0.5251736 
post_edu  :  6.393496 
gamma  :  38.17188 
kappa  :  0.6398532 
d  :  0.05439993 
ini_d  :  2.812995 
diff_d  :  0.2121515 
d_norm  :  1.619613 
purpose  :  1 
