
Results obtained with combination of parameters : 
un_year  :  1973.858 
un_max  :  0.8777201 
un_min  :  0.03120186 
uk  :  0.2404688 
th_edu  :  21.42266 
w_pnty  :  0.5253104 
post_edu  :  4.835989 
gamma  :  40.41703 
kappa  :  0.1048204 
d  :  0.07557988 
ini_d  :  4.864519 
diff_d  :  0.2526842 
d_norm  :  2.437171 
purpose  :  1 
