
Results obtained with combination of parameters : 
un_year  :  1978.791 
un_max  :  0.7294601 
un_min  :  0.03521751 
uk  :  0.1779924 
th_edu  :  14.5121 
w_pnty  :  0.5391896 
post_edu  :  5.35927 
gamma  :  44.51844 
kappa  :  0.4682465 
d  :  0.08583731 
ini_d  :  4.834954 
diff_d  :  0.2584948 
d_norm  :  2.307603 
purpose  :  1 
