
Results obtained with combination of parameters : 
un_year  :  1975.075 
un_max  :  0.8010983 
un_min  :  0.0347517 
uk  :  0.2017909 
th_edu  :  23.67814 
w_pnty  :  0.5167253 
post_edu  :  3.759129 
gamma  :  43.1182 
kappa  :  0.6437779 
d  :  0.08851635 
ini_d  :  5.23279 
diff_d  :  0.2228547 
d_norm  :  2.580635 
purpose  :  1 
