
Results obtained with combination of parameters : 
un_year  :  1975.101 
un_max  :  0.4400375 
un_min  :  0.03736148 
uk  :  0.2691062 
th_edu  :  14.0407 
w_pnty  :  0.6736337 
post_edu  :  5.016789 
gamma  :  36.18707 
kappa  :  0.6641306 
d  :  0.05417316 
ini_d  :  2.884625 
diff_d  :  0.1536954 
d_norm  :  1.622557 
purpose  :  1 
