
Results obtained with combination of parameters : 
un_year  :  1974.658 
un_max  :  0.7865205 
un_min  :  0.03331712 
uk  :  0.1989013 
th_edu  :  19.98399 
w_pnty  :  0.4472469 
post_edu  :  6.037822 
gamma  :  40.50021 
kappa  :  0.6250433 
d  :  0.06515558 
ini_d  :  5.161603 
diff_d  :  0.2485875 
d_norm  :  2.375854 
purpose  :  1 
