
Results obtained with combination of parameters : 
un_year  :  1972.481 
un_max  :  0.30803 
un_min  :  0.01195668 
uk  :  0.2046124 
th_edu  :  21.13379 
w_pnty  :  0.4643755 
post_edu  :  4.002341 
gamma  :  38.73101 
kappa  :  0.6602522 
d  :  0.07835994 
ini_d  :  2.93983 
diff_d  :  0.1918404 
d_norm  :  2.296491 
purpose  :  1 
