
Results obtained with combination of parameters : 
un_year  :  1972.033 
un_max  :  0.8313581 
un_min  :  0.03095511 
uk  :  0.2417275 
th_edu  :  23.82014 
w_pnty  :  0.528184 
post_edu  :  3.418554 
gamma  :  37.39528 
kappa  :  0.394924 
d  :  0.08382785 
ini_d  :  5.348913 
diff_d  :  0.2828565 
d_norm  :  2.370682 
purpose  :  1 
