
Results obtained with combination of parameters : 
un_year  :  1973.479 
un_max  :  0.4064098 
un_min  :  0.01588156 
uk  :  0.2544401 
th_edu  :  19.38286 
w_pnty  :  0.2372744 
post_edu  :  3.180215 
gamma  :  44.5106 
kappa  :  0.4149347 
d  :  0.07824411 
ini_d  :  2.760338 
diff_d  :  0.1882951 
d_norm  :  2.42661 
purpose  :  1 
