
Results obtained with combination of parameters : 
un_year  :  1972.882 
un_max  :  0.6270214 
un_min  :  0.03868638 
uk  :  0.2641885 
th_edu  :  16.5099 
w_pnty  :  0.4726157 
post_edu  :  7.144751 
gamma  :  37.63183 
kappa  :  0.5038714 
d  :  0.06764354 
ini_d  :  2.762409 
diff_d  :  0.1822654 
d_norm  :  1.64589 
purpose  :  1 
