
Results obtained with combination of parameters : 
un_year  :  1975.931 
un_max  :  0.4134553 
un_min  :  0.02223264 
uk  :  0.2452614 
th_edu  :  21.22922 
w_pnty  :  0.5362418 
post_edu  :  4.30739 
gamma  :  40.94823 
kappa  :  0.5266166 
d  :  0.04225622 
ini_d  :  2.664424 
diff_d  :  0.197194 
d_norm  :  2.27212 
purpose  :  1 
