
Results obtained with combination of parameters : 
un_year  :  1972.988 
un_max  :  0.6643734 
un_min  :  0.03918305 
uk  :  0.2162682 
th_edu  :  18.11608 
w_pnty  :  0.518206 
post_edu  :  5.378594 
gamma  :  37.09277 
kappa  :  0.3082718 
d  :  0.06845578 
ini_d  :  2.860824 
diff_d  :  0.212876 
d_norm  :  1.615519 
purpose  :  1 
