
Results obtained with combination of parameters : 
un_year  :  1975.561 
un_max  :  0.6874813 
un_min  :  0.0358926 
uk  :  0.2387177 
th_edu  :  19.12914 
w_pnty  :  0.514804 
post_edu  :  4.739941 
gamma  :  36.03914 
kappa  :  0.5220903 
d  :  0.06855322 
ini_d  :  4.919105 
diff_d  :  0.2879571 
d_norm  :  2.699025 
purpose  :  1 
