
Results obtained with combination of parameters : 
un_year  :  1977.788 
un_max  :  0.6315537 
un_min  :  0.03376641 
uk  :  0.1680459 
th_edu  :  20.33603 
w_pnty  :  0.534413 
post_edu  :  7.502968 
gamma  :  38.2792 
kappa  :  0.7 
d  :  0.07683539 
ini_d  :  2.852417 
diff_d  :  0.1823925 
d_norm  :  1.781576 
mse  :  0.2348943 
modName  :  base 
