
Results obtained with combination of parameters : 
un_year  :  1979.535 
un_max  :  0.7794847 
un_min  :  0.02647929 
uk  :  0.1299275 
th_edu  :  19.46499 
w_pnty  :  0.6274838 
post_edu  :  4.215776 
gamma  :  44.17287 
kappa  :  0.692689 
d  :  0.07008444 
ini_d  :  5.070217 
diff_d  :  0.2577525 
d_norm  :  2.556333 
purpose  :  1 
