
Results obtained with combination of parameters : 
un_year  :  1973.164 
un_max  :  0.3285225 
un_min  :  0.01351964 
uk  :  0.214406 
th_edu  :  18.8562 
w_pnty  :  0.478991 
post_edu  :  3.663546 
gamma  :  42.31586 
kappa  :  0.4931913 
d  :  0.08093964 
ini_d  :  2.764454 
diff_d  :  0.1835709 
d_norm  :  2.381693 
purpose  :  1 
