
Results obtained with combination of parameters : 
un_year  :  1976.967 
un_max  :  0.7751831 
un_min  :  0.03298125 
uk  :  0.1360527 
th_edu  :  21.57124 
w_pnty  :  0.623099 
post_edu  :  4.065568 
gamma  :  39.55378 
kappa  :  0.4973326 
d  :  0.0690712 
ini_d  :  4.985161 
diff_d  :  0.2476444 
d_norm  :  2.646385 
purpose  :  2 
