
Results obtained with combination of parameters : 
un_year  :  1973.816 
un_max  :  0.5713775 
un_min  :  0.03523353 
uk  :  0.246001 
th_edu  :  19.32273 
w_pnty  :  0.4925558 
post_edu  :  6.270407 
gamma  :  42.38497 
kappa  :  0.3659352 
d  :  0.06394889 
ini_d  :  2.921674 
diff_d  :  0.2862762 
d_norm  :  1.601775 
purpose  :  1 
