
Results obtained with combination of parameters : 
un_year  :  1976.872 
un_max  :  0.4182621 
un_min  :  0.02959155 
uk  :  0.2527888 
th_edu  :  23.42896 
w_pnty  :  0.4502482 
post_edu  :  6.628834 
gamma  :  38.67006 
kappa  :  0.2456212 
d  :  0.07574049 
ini_d  :  2.858662 
diff_d  :  0.2432964 
d_norm  :  1.765111 
purpose  :  1 
