
Results obtained with combination of parameters : 
un_year  :  1972.179 
un_max  :  0.4297354 
un_min  :  0.0382758 
uk  :  0.2491416 
th_edu  :  22.7389 
w_pnty  :  0.584259 
post_edu  :  7.593314 
gamma  :  37.39104 
kappa  :  0.3993371 
d  :  0.08036505 
ini_d  :  2.926276 
diff_d  :  0.2077101 
d_norm  :  1.825885 
purpose  :  1 
