
Results obtained with combination of parameters : 
un_year  :  1976.558 
un_max  :  0.807651 
un_min  :  0.0321808 
uk  :  0.1621618 
th_edu  :  19.27643 
w_pnty  :  0.636962 
post_edu  :  4.635269 
gamma  :  40.04298 
kappa  :  0.3227895 
d  :  0.08563966 
ini_d  :  5.40235 
diff_d  :  0.2230347 
d_norm  :  2.474004 
purpose  :  1 
