
Results obtained with combination of parameters : 
un_year  :  1979.311 
un_max  :  0.7033162 
un_min  :  0.03322073 
uk  :  0.1071485 
th_edu  :  15.32684 
w_pnty  :  0.656585 
post_edu  :  6.983324 
gamma  :  44.1016 
kappa  :  0.1574192 
d  :  0.05372817 
ini_d  :  5.384883 
diff_d  :  0.2063703 
d_norm  :  2.636326 
purpose  :  2 
