
Results obtained with combination of parameters : 
un_year  :  1975.301 
un_max  :  0.2966754 
un_min  :  0.008729481 
uk  :  0.221699 
th_edu  :  14.7807 
w_pnty  :  0.3036452 
post_edu  :  3.248295 
gamma  :  35.76592 
kappa  :  0.2187964 
d  :  0.05796262 
ini_d  :  2.636629 
diff_d  :  0.164439 
d_norm  :  2.361265 
purpose  :  1 
