
Results obtained with combination of parameters : 
un_year  :  1972.381 
un_max  :  0.3792354 
un_min  :  0.0258361 
uk  :  0.2343721 
th_edu  :  14.63763 
w_pnty  :  0.562204 
post_edu  :  4.044399 
gamma  :  43.92113 
kappa  :  0.3411478 
d  :  0.08935853 
ini_d  :  2.771831 
diff_d  :  0.1577345 
d_norm  :  2.567766 
purpose  :  1 
