
Results obtained with combination of parameters : 
un_year  :  1976.141 
un_max  :  0.6983693 
un_min  :  0.0267104 
uk  :  0.2576127 
th_edu  :  14.47403 
w_pnty  :  0.5460634 
post_edu  :  7.878949 
gamma  :  38.57716 
kappa  :  0.6819754 
d  :  0.05519848 
ini_d  :  2.711341 
diff_d  :  0.2094568 
d_norm  :  1.70013 
purpose  :  1 
