
Results obtained with combination of parameters : 
un_year  :  1975.187 
un_max  :  0.5943114 
un_min  :  0.03081636 
uk  :  0.1505068 
th_edu  :  14.09953 
w_pnty  :  0.6699585 
post_edu  :  5.278966 
gamma  :  41.63898 
kappa  :  0.3286038 
d  :  0.06471492 
ini_d  :  2.716274 
diff_d  :  0.2164602 
d_norm  :  1.837142 
purpose  :  1 
