
Results obtained with combination of parameters : 
un_year  :  1972.963 
un_max  :  0.4300805 
un_min  :  0.009560402 
uk  :  0.2079011 
th_edu  :  15.41734 
w_pnty  :  0.3019057 
post_edu  :  3.81778 
gamma  :  40.76442 
kappa  :  0.2751419 
d  :  0.03600329 
ini_d  :  2.709938 
diff_d  :  0.1481857 
d_norm  :  2.277775 
purpose  :  1 
