
Results obtained with combination of parameters : 
un_year  :  1975.641 
un_max  :  0.4857292 
un_min  :  0.03333467 
uk  :  0.2141369 
th_edu  :  17.25997 
w_pnty  :  0.5539866 
post_edu  :  6.930541 
gamma  :  37.5931 
kappa  :  0.3091325 
d  :  0.0800743 
ini_d  :  2.987498 
diff_d  :  0.1654119 
d_norm  :  1.736827 
purpose  :  1 
