
Results obtained with combination of parameters : 
un_year  :  1975.099 
un_max  :  0.3602284 
un_min  :  0.02943357 
uk  :  0.2058243 
th_edu  :  21.37522 
w_pnty  :  0.3535916 
post_edu  :  3.10346 
gamma  :  35.80675 
kappa  :  0.7203344 
d  :  0.0418056 
ini_d  :  2.764265 
diff_d  :  0.1503483 
d_norm  :  2.299345 
purpose  :  1 
