
Results obtained with combination of parameters : 
un_year  :  1972.485 
un_max  :  0.6833104 
un_min  :  0.03686364 
uk  :  0.2441813 
th_edu  :  23.91291 
w_pnty  :  0.6613129 
post_edu  :  7.84895 
gamma  :  35.1572 
kappa  :  0.6783562 
d  :  0.05953194 
ini_d  :  2.769371 
diff_d  :  0.1576573 
d_norm  :  1.618142 
purpose  :  1 
