
Results obtained with combination of parameters : 
un_year  :  1973.074 
un_max  :  0.6221486 
un_min  :  0.02763473 
uk  :  0.1667359 
th_edu  :  16.41273 
w_pnty  :  0.6627129 
post_edu  :  5.932 
gamma  :  39.96997 
kappa  :  0.6128236 
d  :  0.06635837 
ini_d  :  2.746805 
diff_d  :  0.2136761 
d_norm  :  1.685342 
purpose  :  1 
