
Results obtained with combination of parameters : 
un_year  :  1979.2 
un_max  :  0.6624074 
un_min  :  0.03346081 
uk  :  0.1482793 
th_edu  :  23.56656 
w_pnty  :  0.699742 
post_edu  :  4.807196 
gamma  :  37.06314 
kappa  :  0.5896271 
d  :  0.07830892 
ini_d  :  5.269659 
diff_d  :  0.2064166 
d_norm  :  2.509921 
purpose  :  1 
