
Results obtained with combination of parameters : 
un_year  :  1974.872 
un_max  :  0.7944759 
un_min  :  0.0286935 
uk  :  0.2205477 
th_edu  :  15.93055 
w_pnty  :  0.5232596 
post_edu  :  6.299636 
gamma  :  35.50734 
kappa  :  0.2045921 
d  :  0.06957292 
ini_d  :  5.160538 
diff_d  :  0.2921636 
d_norm  :  2.371163 
purpose  :  1 
