
Results obtained with combination of parameters : 
un_year  :  1974.632 
un_max  :  0.3838875 
un_min  :  0.03988502 
uk  :  0.2750582 
th_edu  :  16.18008 
w_pnty  :  0.3062688 
post_edu  :  4.154572 
gamma  :  39.7345 
kappa  :  0.3184065 
d  :  0.03477359 
ini_d  :  2.952482 
diff_d  :  0.1842981 
d_norm  :  2.584596 
purpose  :  1 
