
Results obtained with combination of parameters : 
un_year  :  1975.26 
un_max  :  0.3962736 
un_min  :  0.0286414 
uk  :  0.2527288 
th_edu  :  16.34346 
w_pnty  :  0.234199 
post_edu  :  3.724737 
gamma  :  44.88051 
kappa  :  0.540813 
d  :  0.08134449 
ini_d  :  2.936919 
diff_d  :  0.1756244 
d_norm  :  2.499328 
purpose  :  1 
