
Results obtained with combination of parameters : 
un_year  :  1975.572 
un_max  :  0.7387625 
un_min  :  0.02950804 
uk  :  0.1232747 
th_edu  :  21.02434 
w_pnty  :  0.603073 
post_edu  :  3.636373 
gamma  :  38.46651 
kappa  :  0.6836847 
d  :  0.08296447 
ini_d  :  4.801882 
diff_d  :  0.2136437 
d_norm  :  2.521168 
purpose  :  1 
