
Results obtained with combination of parameters : 
un_year  :  1975.78 
un_max  :  0.6992547 
un_min  :  0.03943925 
uk  :  0.266797 
th_edu  :  15.61937 
w_pnty  :  0.5893885 
post_edu  :  6.186619 
gamma  :  44.07759 
kappa  :  0.1281886 
d  :  0.06546357 
ini_d  :  5.311166 
diff_d  :  0.2385358 
d_norm  :  2.74564 
purpose  :  1 
