
Results obtained with combination of parameters : 
un_year  :  1974.551 
un_max  :  0.4389605 
un_min  :  0.02232583 
uk  :  0.2157115 
th_edu  :  19.64819 
w_pnty  :  0.5165568 
post_edu  :  3.958961 
gamma  :  39.18629 
kappa  :  0.1884871 
d  :  0.06545809 
ini_d  :  2.810197 
diff_d  :  0.1876882 
d_norm  :  2.381285 
purpose  :  1 
