
Results obtained with combination of parameters : 
un_year  :  1973.178 
un_max  :  0.3597178 
un_min  :  0.04002016 
uk  :  0.2346227 
th_edu  :  18.11738 
w_pnty  :  0.2743578 
post_edu  :  4.177744 
gamma  :  41.60758 
kappa  :  0.2667711 
d  :  0.05424481 
ini_d  :  2.619113 
diff_d  :  0.1529604 
d_norm  :  2.23315 
purpose  :  1 
