
Results obtained with combination of parameters : 
un_year  :  1973.671 
un_max  :  0.3058986 
un_min  :  0.04126155 
uk  :  0.2726833 
th_edu  :  17.52436 
w_pnty  :  0.3568373 
post_edu  :  3.732141 
gamma  :  40.26681 
kappa  :  0.3704087 
d  :  0.03342006 
ini_d  :  2.90871 
diff_d  :  0.1795029 
d_norm  :  2.553967 
purpose  :  1 
