
Results obtained with combination of parameters : 
un_year  :  1975.129 
un_max  :  0.5250633 
un_min  :  0.03565101 
uk  :  0.1730497 
th_edu  :  15.63874 
w_pnty  :  0.6586864 
post_edu  :  7.076729 
gamma  :  41.42878 
kappa  :  0.3923337 
d  :  0.07714682 
ini_d  :  2.835706 
diff_d  :  0.2322925 
d_norm  :  1.758061 
purpose  :  1 
