
Results obtained with combination of parameters : 
un_year  :  1975.515 
un_max  :  0.8415075 
un_min  :  0.03326 
uk  :  0.2182956 
th_edu  :  17.29533 
w_pnty  :  0.5434372 
post_edu  :  4.530374 
gamma  :  42.33356 
kappa  :  0.2793728 
d  :  0.05348453 
ini_d  :  4.883532 
diff_d  :  0.2507616 
d_norm  :  2.479272 
purpose  :  1 
