
Results obtained with combination of parameters : 
un_year  :  1972.639 
un_max  :  0.7139294 
un_min  :  0.03056198 
uk  :  0.2187463 
th_edu  :  19.09065 
w_pnty  :  0.6516755 
post_edu  :  5.184681 
gamma  :  41.08647 
kappa  :  0.4272847 
d  :  0.05787663 
ini_d  :  2.989574 
diff_d  :  0.1703382 
d_norm  :  1.94426 
purpose  :  1 
