
Results obtained with combination of parameters : 
un_year  :  1972.842 
un_max  :  0.3503654 
un_min  :  0.03103688 
uk  :  0.273011 
th_edu  :  15.76789 
w_pnty  :  0.3115653 
post_edu  :  4.181712 
gamma  :  42.93378 
kappa  :  0.1846635 
d  :  0.05523926 
ini_d  :  2.75824 
diff_d  :  0.1477206 
d_norm  :  2.287521 
purpose  :  1 
