
Results obtained with combination of parameters : 
un_year  :  1975.975 
un_max  :  0.6768495 
un_min  :  0.03635391 
uk  :  0.2355396 
th_edu  :  22.224 
w_pnty  :  0.5658823 
post_edu  :  5.613055 
gamma  :  44.43455 
kappa  :  0.4979176 
d  :  0.06311923 
ini_d  :  4.882963 
diff_d  :  0.2888929 
d_norm  :  2.686783 
purpose  :  1 
