
Results obtained with combination of parameters : 
un_year  :  1971.909 
un_max  :  0.3751527 
un_min  :  0.007180473 
uk  :  0.2653221 
th_edu  :  17.71251 
w_pnty  :  0.308112 
post_edu  :  3.192591 
gamma  :  38.12838 
kappa  :  0.3395649 
d  :  0.03831186 
ini_d  :  2.996849 
diff_d  :  0.1724524 
d_norm  :  2.310056 
purpose  :  1 
