
Results obtained with combination of parameters : 
un_year  :  1973.884 
un_max  :  0.4406359 
un_min  :  0.0358939 
uk  :  0.2607597 
th_edu  :  19.17779 
w_pnty  :  0.2142883 
post_edu  :  4.086358 
gamma  :  42.76273 
kappa  :  0.2963047 
d  :  0.07782001 
ini_d  :  2.706477 
diff_d  :  0.1496107 
d_norm  :  2.366587 
purpose  :  1 
