
Results obtained with combination of parameters : 
un_year  :  1974.134 
un_max  :  0.5407396 
un_min  :  0.03988977 
uk  :  0.1776408 
th_edu  :  15.59305 
w_pnty  :  0.6464418 
post_edu  :  7.530835 
gamma  :  36.2201 
kappa  :  0.4991438 
d  :  0.07922681 
ini_d  :  2.718002 
diff_d  :  0.1887678 
d_norm  :  1.64039 
purpose  :  1 
