
Results obtained with combination of parameters : 
un_year  :  1976.365 
un_max  :  0.5052675 
un_min  :  0.03461531 
uk  :  0.1603206 
th_edu  :  14.32711 
w_pnty  :  0.5990059 
post_edu  :  5.592599 
gamma  :  36.71795 
kappa  :  0.5108588 
d  :  0.06278089 
ini_d  :  2.997039 
diff_d  :  0.2705604 
d_norm  :  1.669995 
purpose  :  1 
