
Results obtained with combination of parameters : 
un_year  :  1973.319 
un_max  :  0.6484935 
un_min  :  0.02968223 
uk  :  0.2434931 
th_edu  :  16.8234 
w_pnty  :  0.4536777 
post_edu  :  7.943591 
gamma  :  42.8399 
kappa  :  0.6338096 
d  :  0.08965326 
ini_d  :  2.738906 
diff_d  :  0.2582899 
d_norm  :  1.895775 
purpose  :  1 
