
Results obtained with combination of parameters : 
un_year  :  1978.981 
un_max  :  0.9211582 
un_min  :  0.03880833 
uk  :  0.2106291 
th_edu  :  19.42183 
w_pnty  :  0.403506 
post_edu  :  3.337288 
gamma  :  43.86678 
kappa  :  0.2394765 
d  :  0.07945325 
ini_d  :  4.951715 
diff_d  :  0.2325198 
d_norm  :  2.6381 
purpose  :  1 
