
Results obtained with combination of parameters : 
un_year  :  1973.571 
un_max  :  0.4487262 
un_min  :  0.006383079 
uk  :  0.206482 
th_edu  :  19.90739 
w_pnty  :  0.3377237 
post_edu  :  4.221873 
gamma  :  35.61693 
kappa  :  0.7739984 
d  :  0.03054949 
ini_d  :  2.910661 
diff_d  :  0.1704872 
d_norm  :  2.363449 
purpose  :  1 
