
Results obtained with combination of parameters : 
un_year  :  1975.591 
un_max  :  0.9361747 
un_min  :  0.0306598 
uk  :  0.19728 
th_edu  :  17.93255 
w_pnty  :  0.5879436 
post_edu  :  4.813282 
gamma  :  39.69899 
kappa  :  0.3454365 
d  :  0.05981462 
ini_d  :  4.814569 
diff_d  :  0.2989229 
d_norm  :  2.672325 
purpose  :  1 
