
Results obtained with combination of parameters : 
un_year  :  1973.04 
un_max  :  0.5307115 
un_min  :  0.03616159 
uk  :  0.2261851 
th_edu  :  16.86821 
w_pnty  :  0.4129941 
post_edu  :  7.776015 
gamma  :  42.79585 
kappa  :  0.675003 
d  :  0.08311881 
ini_d  :  2.762313 
diff_d  :  0.2346746 
d_norm  :  1.874077 
purpose  :  1 
