
Results obtained with combination of parameters : 
un_year  :  1972.116 
un_max  :  0.7030421 
un_min  :  0.03831502 
uk  :  0.2176997 
th_edu  :  17.56535 
w_pnty  :  0.467037 
post_edu  :  6.740744 
gamma  :  40.37676 
kappa  :  0.5997317 
d  :  0.0550146 
ini_d  :  4.783446 
diff_d  :  0.2932704 
d_norm  :  2.777857 
purpose  :  1 
