
Results obtained with combination of parameters : 
un_year  :  1972.157 
un_max  :  0.6794664 
un_min  :  0.03399765 
uk  :  0.191157 
th_edu  :  21.61033 
w_pnty  :  0.5073288 
post_edu  :  6.170091 
gamma  :  38.39056 
kappa  :  0.6738464 
d  :  0.05407281 
ini_d  :  2.704561 
diff_d  :  0.1607351 
d_norm  :  1.724772 
purpose  :  1 
