
Results obtained with combination of parameters : 
un_year  :  1975.298 
un_max  :  0.7307817 
un_min  :  0.03713615 
uk  :  0.2647824 
th_edu  :  22.39253 
w_pnty  :  0.4359139 
post_edu  :  6.746265 
gamma  :  37.55805 
kappa  :  0.2359681 
d  :  0.08428927 
ini_d  :  5.123582 
diff_d  :  0.2104068 
d_norm  :  2.311945 
purpose  :  1 
