
Results obtained with combination of parameters : 
un_year  :  1973.483 
un_max  :  0.7845799 
un_min  :  0.03259912 
uk  :  0.2294241 
th_edu  :  17.70248 
w_pnty  :  0.4930147 
post_edu  :  5.956411 
gamma  :  38.32214 
kappa  :  0.2090589 
d  :  0.08104718 
ini_d  :  5.354558 
diff_d  :  0.2295552 
d_norm  :  2.614309 
purpose  :  1 
