
Results obtained with combination of parameters : 
un_year  :  1971.808 
un_max  :  0.4444563 
un_min  :  0.009016134 
uk  :  0.2779912 
th_edu  :  14.55216 
w_pnty  :  0.3853863 
post_edu  :  3.67243 
gamma  :  39.67368 
kappa  :  0.6947717 
d  :  0.05857657 
ini_d  :  2.812638 
diff_d  :  0.1528231 
d_norm  :  2.518677 
purpose  :  1 
