
Results obtained with combination of parameters : 
un_year  :  1973.958 
un_max  :  0.4902558 
un_min  :  0.03954703 
uk  :  0.1992177 
th_edu  :  14.733 
w_pnty  :  0.6773906 
post_edu  :  5.345043 
gamma  :  43.67099 
kappa  :  0.6245036 
d  :  0.05668292 
ini_d  :  2.702925 
diff_d  :  0.1800964 
d_norm  :  1.651264 
purpose  :  1 
