
Results obtained with combination of parameters : 
un_year  :  1974.111 
un_max  :  0.6624388 
un_min  :  0.03721383 
uk  :  0.2388657 
th_edu  :  20.33758 
w_pnty  :  0.5847064 
post_edu  :  5.194748 
gamma  :  36.50463 
kappa  :  0.6651541 
d  :  0.07788937 
ini_d  :  2.969833 
diff_d  :  0.2301042 
d_norm  :  1.728973 
purpose  :  1 
