
Results obtained with combination of parameters : 
un_year  :  1975.23 
un_max  :  0.363858 
un_min  :  0.04405166 
uk  :  0.2231878 
th_edu  :  19.63412 
w_pnty  :  0.2747411 
post_edu  :  4.218831 
gamma  :  37.53884 
kappa  :  0.562276 
d  :  0.08328024 
ini_d  :  2.891377 
diff_d  :  0.1857548 
d_norm  :  2.299014 
purpose  :  1 
