
Results obtained with combination of parameters : 
un_year  :  1977.249 
un_max  :  0.6471431 
un_min  :  0.03057592 
uk  :  0.2000571 
th_edu  :  20.13847 
w_pnty  :  0.5213241 
post_edu  :  5.975873 
gamma  :  38.79765 
kappa  :  0.5813426 
d  :  0.08299751 
ini_d  :  2.725526 
diff_d  :  0.1728947 
d_norm  :  1.966034 
purpose  :  1 
