
Results obtained with combination of parameters : 
un_year  :  1973.208 
un_max  :  0.7816433 
un_min  :  0.03779211 
uk  :  0.206775 
th_edu  :  22.83439 
w_pnty  :  0.540792 
post_edu  :  6.209477 
gamma  :  42.55131 
kappa  :  0.2015843 
d  :  0.0689333 
ini_d  :  5.478716 
diff_d  :  0.2169977 
d_norm  :  2.442163 
purpose  :  1 
