
Results obtained with combination of parameters : 
un_year  :  1973.839 
un_max  :  0.6401166 
un_min  :  0.02766441 
uk  :  0.1933609 
th_edu  :  16.40405 
w_pnty  :  0.4389978 
post_edu  :  5.710984 
gamma  :  39.91438 
kappa  :  0.6932583 
d  :  0.08407115 
ini_d  :  2.950579 
diff_d  :  0.2490595 
d_norm  :  1.841377 
purpose  :  1 
