
Results obtained with combination of parameters : 
un_year  :  1971.839 
un_max  :  0.4006487 
un_min  :  0.03386824 
uk  :  0.2202935 
th_edu  :  20.59866 
w_pnty  :  0.58531 
post_edu  :  3.818918 
gamma  :  40.62621 
kappa  :  0.3165494 
d  :  0.04972619 
ini_d  :  2.990206 
diff_d  :  0.1834585 
d_norm  :  2.344936 
purpose  :  1 
