
Results obtained with combination of parameters : 
un_year  :  1973.683 
un_max  :  0.4285882 
un_min  :  0.02735877 
uk  :  0.2497041 
th_edu  :  15.85165 
w_pnty  :  0.4596806 
post_edu  :  3.534853 
gamma  :  42.67741 
kappa  :  0.2431233 
d  :  0.04364653 
ini_d  :  2.756934 
diff_d  :  0.183503 
d_norm  :  2.436481 
purpose  :  2 
