
Results obtained with combination of parameters : 
un_year  :  1973.69 
un_max  :  0.6652451 
un_min  :  0.0388521 
uk  :  0.2588179 
th_edu  :  23.1046 
w_pnty  :  0.4605503 
post_edu  :  6.31363 
gamma  :  40.95114 
kappa  :  0.2022916 
d  :  0.07842245 
ini_d  :  2.839981 
diff_d  :  0.2887858 
d_norm  :  1.809204 
purpose  :  1 
