
Results obtained with combination of parameters : 
un_year  :  1972.935 
un_max  :  0.723883 
un_min  :  0.03538107 
uk  :  0.268899 
th_edu  :  23.46862 
w_pnty  :  0.5323274 
post_edu  :  7.575048 
gamma  :  35.82334 
kappa  :  0.5122263 
d  :  0.05032301 
ini_d  :  2.984513 
diff_d  :  0.1566244 
d_norm  :  1.729475 
purpose  :  1 
