
Results obtained with combination of parameters : 
un_year  :  1972.693 
un_max  :  0.3877815 
un_min  :  0.02941685 
uk  :  0.1527043 
th_edu  :  15.24885 
w_pnty  :  0.6950989 
post_edu  :  7.30761 
gamma  :  44.99342 
kappa  :  0.5728805 
d  :  0.05015564 
ini_d  :  2.759459 
diff_d  :  0.2443945 
d_norm  :  1.746533 
purpose  :  1 
