
Results obtained with combination of parameters : 
un_year  :  1976.907 
un_max  :  0.3844767 
un_min  :  0.03764582 
uk  :  0.1870443 
th_edu  :  15.92868 
w_pnty  :  0.4875305 
post_edu  :  6.166538 
gamma  :  41.26509 
kappa  :  0.2261924 
d  :  0.0796069 
ini_d  :  2.729676 
diff_d  :  0.2009038 
d_norm  :  1.763877 
purpose  :  1 
