
Results obtained with combination of parameters : 
un_year  :  1978.775 
un_max  :  0.7583005 
un_min  :  0.03007527 
uk  :  0.16006 
th_edu  :  18.35829 
w_pnty  :  0.6102603 
post_edu  :  4.611595 
gamma  :  42.26125 
kappa  :  0.4117846 
d  :  0.06759338 
ini_d  :  5.43917 
diff_d  :  0.2829962 
d_norm  :  2.632561 
purpose  :  1 
