
Results obtained with combination of parameters : 
un_year  :  1977.367 
un_max  :  0.6062344 
un_min  :  0.03955318 
uk  :  0.2508314 
th_edu  :  21.36789 
w_pnty  :  0.4668225 
post_edu  :  7.726024 
gamma  :  35.99609 
kappa  :  0.1337692 
d  :  0.08605612 
ini_d  :  2.778531 
diff_d  :  0.1649661 
d_norm  :  1.821992 
purpose  :  1 
