
Results obtained with combination of parameters : 
un_year  :  1975.809 
un_max  :  0.7217764 
un_min  :  0.03566651 
uk  :  0.1103446 
th_edu  :  18.61171 
w_pnty  :  0.4395405 
post_edu  :  4.606212 
gamma  :  42.07129 
kappa  :  0.6280961 
d  :  0.08214354 
ini_d  :  5.46154 
diff_d  :  0.2971597 
d_norm  :  2.415532 
purpose  :  1 
