
Results obtained with combination of parameters : 
un_year  :  1972.369 
un_max  :  0.3142707 
un_min  :  0.03192161 
uk  :  0.2326971 
th_edu  :  15.55004 
w_pnty  :  0.4483092 
post_edu  :  3.356412 
gamma  :  37.61158 
kappa  :  0.6717323 
d  :  0.04806732 
ini_d  :  2.89925 
diff_d  :  0.1952044 
d_norm  :  2.511102 
purpose  :  1 
