
Results obtained with combination of parameters : 
un_year  :  1972.94 
un_max  :  0.2697518 
un_min  :  0.01975291 
uk  :  0.2633476 
th_edu  :  21.58396 
w_pnty  :  0.3195814 
post_edu  :  4.068184 
gamma  :  42.10788 
kappa  :  0.3340599 
d  :  0.05657103 
ini_d  :  2.985762 
diff_d  :  0.1503012 
d_norm  :  2.589248 
purpose  :  1 
