
Results obtained with combination of parameters : 
un_year  :  1979.462 
un_max  :  0.881213 
un_min  :  0.03550061 
uk  :  0.1917703 
th_edu  :  16.62604 
w_pnty  :  0.6253214 
post_edu  :  4.35854 
gamma  :  43.30865 
kappa  :  0.4875642 
d  :  0.0696771 
ini_d  :  5.03378 
diff_d  :  0.2460419 
d_norm  :  2.629818 
purpose  :  1 
