
Results obtained with combination of parameters : 
un_year  :  1974.335 
un_max  :  0.3585904 
un_min  :  0.03370645 
uk  :  0.2257581 
th_edu  :  17.63308 
w_pnty  :  0.4519081 
post_edu  :  4.151034 
gamma  :  43.08248 
kappa  :  0.6450157 
d  :  0.05158748 
ini_d  :  2.838757 
diff_d  :  0.1583792 
d_norm  :  2.51232 
purpose  :  1 
