
Results obtained with combination of parameters : 
un_year  :  1973.03 
un_max  :  0.8627731 
un_min  :  0.03885154 
uk  :  0.2253449 
th_edu  :  21.75598 
w_pnty  :  0.6787474 
post_edu  :  6.070343 
gamma  :  44.66754 
kappa  :  0.1762781 
d  :  0.06485363 
ini_d  :  5.271111 
diff_d  :  0.2275331 
d_norm  :  2.532143 
purpose  :  1 
