
Results obtained with combination of parameters : 
un_year  :  1972.817 
un_max  :  0.3661558 
un_min  :  0.02645784 
uk  :  0.2160711 
th_edu  :  20.68608 
w_pnty  :  0.4703639 
post_edu  :  5.212439 
gamma  :  44.25314 
kappa  :  0.1282022 
d  :  0.07273553 
ini_d  :  2.855939 
diff_d  :  0.2048317 
d_norm  :  1.648213 
purpose  :  1 
