
Results obtained with combination of parameters : 
un_year  :  1974.187 
un_max  :  0.4082842 
un_min  :  0.03031052 
uk  :  0.2215454 
th_edu  :  19.50182 
w_pnty  :  0.6206016 
post_edu  :  6.773617 
gamma  :  43.7327 
kappa  :  0.5583061 
d  :  0.06474135 
ini_d  :  2.832514 
diff_d  :  0.2632833 
d_norm  :  1.91555 
purpose  :  2 
