
Results obtained with combination of parameters : 
un_year  :  1972.607 
un_max  :  0.3506998 
un_min  :  0.03371118 
uk  :  0.2438575 
th_edu  :  14.95894 
w_pnty  :  0.5711573 
post_edu  :  6.05802 
gamma  :  41.50328 
kappa  :  0.4468529 
d  :  0.08192064 
ini_d  :  2.701949 
diff_d  :  0.1619377 
d_norm  :  1.995906 
purpose  :  1 
