
Results obtained with combination of parameters : 
un_year  :  1976 
un_max  :  0.3376585 
un_min  :  0.045 
uk  :  0.2664008 
th_edu  :  19.54478 
w_pnty  :  0.4755974 
post_edu  :  3.444281 
gamma  :  41.1715 
kappa  :  0.6263327 
d  :  0.0653771 
ini_d  :  2.876304 
diff_d  :  0.149958 
d_norm  :  2.563681 
mse  :  1.175982 
modName  :  base 
