
Results obtained with combination of parameters : 
un_year  :  1975.271 
un_max  :  0.4377195 
un_min  :  0.0367843 
uk  :  0.2075476 
th_edu  :  16.71333 
w_pnty  :  0.543209 
post_edu  :  4.130127 
gamma  :  41.38444 
kappa  :  0.6869009 
d  :  0.08493996 
ini_d  :  2.916759 
diff_d  :  0.1904668 
d_norm  :  2.375259 
purpose  :  1 
