
Results obtained with combination of parameters : 
un_year  :  1975.007 
un_max  :  0.5669471 
un_min  :  0.03179361 
uk  :  0.1814306 
th_edu  :  22.32975 
w_pnty  :  0.6252893 
post_edu  :  5.161782 
gamma  :  37.61675 
kappa  :  0.2470169 
d  :  0.06311581 
ini_d  :  2.778077 
diff_d  :  0.2312675 
d_norm  :  1.645397 
purpose  :  1 
