
Results obtained with combination of parameters : 
un_year  :  1972.408 
un_max  :  0.2681395 
un_min  :  0.03122011 
uk  :  0.2383777 
th_edu  :  15.07927 
w_pnty  :  0.5800322 
post_edu  :  4.390855 
gamma  :  41.07211 
kappa  :  0.492607 
d  :  0.08509164 
ini_d  :  2.909179 
diff_d  :  0.1547475 
d_norm  :  2.571598 
purpose  :  1 
