
Results obtained with combination of parameters : 
un_year  :  1973.291 
un_max  :  0.6034834 
un_min  :  0.03521625 
uk  :  0.240569 
th_edu  :  21.52092 
w_pnty  :  0.5725464 
post_edu  :  6.612224 
gamma  :  40.00436 
kappa  :  0.1359537 
d  :  0.06246445 
ini_d  :  2.948386 
diff_d  :  0.287486 
d_norm  :  1.805133 
purpose  :  1 
