
Results obtained with combination of parameters : 
un_year  :  1972.804 
un_max  :  0.70702 
un_min  :  0.03856315 
uk  :  0.2589446 
th_edu  :  15.5752 
w_pnty  :  0.6734424 
post_edu  :  7.403626 
gamma  :  41.59536 
kappa  :  0.5270899 
d  :  0.08834251 
ini_d  :  2.879005 
diff_d  :  0.290227 
d_norm  :  1.611092 
purpose  :  2 
