
Results obtained with combination of parameters : 
un_year  :  1972.397 
un_max  :  0.7351859 
un_min  :  0.02648219 
uk  :  0.2572312 
th_edu  :  22.38072 
w_pnty  :  0.657038 
post_edu  :  7.468868 
gamma  :  44.85317 
kappa  :  0.6998751 
d  :  0.05245552 
ini_d  :  2.918494 
diff_d  :  0.2860237 
d_norm  :  1.97246 
purpose  :  1 
