
Results obtained with combination of parameters : 
un_year  :  1975.719 
un_max  :  0.7117811 
un_min  :  0.02565848 
uk  :  0.1950141 
th_edu  :  19.91591 
w_pnty  :  0.4883105 
post_edu  :  6.57335 
gamma  :  44.48759 
kappa  :  0.3244335 
d  :  0.07361005 
ini_d  :  5.015577 
diff_d  :  0.2001832 
d_norm  :  2.707976 
purpose  :  1 
