
Results obtained with combination of parameters : 
un_year  :  1975.863 
un_max  :  0.4349141 
un_min  :  0.02696601 
uk  :  0.2556704 
th_edu  :  22.72776 
w_pnty  :  0.5350548 
post_edu  :  7.719537 
gamma  :  39.46593 
kappa  :  0.2952528 
d  :  0.07730735 
ini_d  :  2.70614 
diff_d  :  0.2623625 
d_norm  :  1.810637 
purpose  :  1 
