
Results obtained with combination of parameters : 
un_year  :  1978.753 
un_max  :  0.7291802 
un_min  :  0.02597515 
uk  :  0.1589896 
th_edu  :  17.57767 
w_pnty  :  0.4171886 
post_edu  :  4.904921 
gamma  :  42.48185 
kappa  :  0.6416146 
d  :  0.07888685 
ini_d  :  4.955757 
diff_d  :  0.2761043 
d_norm  :  2.41337 
purpose  :  1 
