
Results obtained with combination of parameters : 
un_year  :  1973.753 
un_max  :  0.4077991 
un_min  :  0.03515421 
uk  :  0.2050543 
th_edu  :  21.84107 
w_pnty  :  0.640321 
post_edu  :  5.581047 
gamma  :  37.4613 
kappa  :  0.6950971 
d  :  0.05183204 
ini_d  :  2.845317 
diff_d  :  0.1949343 
d_norm  :  1.647698 
purpose  :  1 
