
Results obtained with combination of parameters : 
un_year  :  1976.024 
un_max  :  0.4550317 
un_min  :  0.03211997 
uk  :  0.2478075 
th_edu  :  21.55614 
w_pnty  :  0.4092682 
post_edu  :  6.089387 
gamma  :  43.9514 
kappa  :  0.1486268 
d  :  0.0721223 
ini_d  :  2.743118 
diff_d  :  0.1596387 
d_norm  :  1.7044 
purpose  :  1 
