
Results obtained with combination of parameters : 
un_year  :  1976.377 
un_max  :  0.5091417 
un_min  :  0.0353968 
uk  :  0.2281361 
th_edu  :  18.76486 
w_pnty  :  0.4275542 
post_edu  :  5.857991 
gamma  :  40.28367 
kappa  :  0.5132548 
d  :  0.07486578 
ini_d  :  2.814386 
diff_d  :  0.1977099 
d_norm  :  1.966506 
purpose  :  1 
