
Results obtained with combination of parameters : 
un_year  :  1972.445 
un_max  :  0.9058658 
un_min  :  0.03149105 
uk  :  0.2209762 
th_edu  :  20.34784 
w_pnty  :  0.5679859 
post_edu  :  5.996556 
gamma  :  41.58173 
kappa  :  0.1311536 
d  :  0.07896365 
ini_d  :  5.116391 
diff_d  :  0.2390194 
d_norm  :  2.588191 
purpose  :  1 
