
Results obtained with combination of parameters : 
un_year  :  1972.319 
un_max  :  0.3852574 
un_min  :  0.0420166 
uk  :  0.2577225 
th_edu  :  14.27191 
w_pnty  :  0.5747693 
post_edu  :  4.051237 
gamma  :  44.53747 
kappa  :  0.1346883 
d  :  0.0709778 
ini_d  :  2.900395 
diff_d  :  0.1595858 
d_norm  :  2.574575 
purpose  :  1 
