
Results obtained with combination of parameters : 
un_year  :  1975.101 
un_max  :  0.6926023 
un_min  :  0.03334511 
uk  :  0.2403246 
th_edu  :  23.36115 
w_pnty  :  0.5706868 
post_edu  :  6.69696 
gamma  :  35.0635 
kappa  :  0.1262614 
d  :  0.08694395 
ini_d  :  5.345405 
diff_d  :  0.2394633 
d_norm  :  2.551665 
purpose  :  1 
