
Results obtained with combination of parameters : 
un_year  :  1973.404 
un_max  :  0.3299473 
un_min  :  0.005116375 
uk  :  0.1931503 
th_edu  :  20.67518 
w_pnty  :  0.3011647 
post_edu  :  4.382531 
gamma  :  35.85373 
kappa  :  0.3843077 
d  :  0.08732919 
ini_d  :  2.600639 
diff_d  :  0.1846198 
d_norm  :  2.387213 
purpose  :  1 
