
Results obtained with combination of parameters : 
un_year  :  1972.625 
un_max  :  0.7018429 
un_min  :  0.03658813 
uk  :  0.1543918 
th_edu  :  18.88489 
w_pnty  :  0.6941529 
post_edu  :  7.913252 
gamma  :  44.49063 
kappa  :  0.608803 
d  :  0.05303374 
ini_d  :  2.962468 
diff_d  :  0.1590364 
d_norm  :  1.639288 
purpose  :  1 
