
Results obtained with combination of parameters : 
un_year  :  1976.503 
un_max  :  0.8647564 
un_min  :  0.02778552 
uk  :  0.202283 
th_edu  :  16.8727 
w_pnty  :  0.5524153 
post_edu  :  3.607936 
gamma  :  42.90076 
kappa  :  0.5317187 
d  :  0.05304447 
ini_d  :  5.135364 
diff_d  :  0.2978291 
d_norm  :  2.617481 
purpose  :  1 
