
Results obtained with combination of parameters : 
un_year  :  1973.248 
un_max  :  0.3822679 
un_min  :  0.006709113 
uk  :  0.2171668 
th_edu  :  14.57067 
w_pnty  :  0.5592379 
post_edu  :  4.213262 
gamma  :  42.20403 
kappa  :  0.1445842 
d  :  0.07406757 
ini_d  :  2.631911 
diff_d  :  0.1858307 
d_norm  :  2.453167 
purpose  :  1 
