
Results obtained with combination of parameters : 
un_year  :  1979.038 
un_max  :  0.7627869 
un_min  :  0.0327369 
uk  :  0.1728276 
th_edu  :  15.57208 
w_pnty  :  0.5047586 
post_edu  :  5.294883 
gamma  :  36.65667 
kappa  :  0.1290234 
d  :  0.0718944 
ini_d  :  5.2609 
diff_d  :  0.2849458 
d_norm  :  2.598329 
purpose  :  1 
