
Results obtained with combination of parameters : 
un_year  :  1972.337 
un_max  :  0.6747793 
un_min  :  0.02806548 
uk  :  0.1601456 
th_edu  :  15.68201 
w_pnty  :  0.5300028 
post_edu  :  6.47336 
gamma  :  44.03168 
kappa  :  0.4258838 
d  :  0.06969472 
ini_d  :  2.921749 
diff_d  :  0.2134952 
d_norm  :  1.853282 
purpose  :  2 
