
Results obtained with combination of parameters : 
un_year  :  1972.858 
un_max  :  0.6804135 
un_min  :  0.03311272 
uk  :  0.2381893 
th_edu  :  18.73571 
w_pnty  :  0.5930826 
post_edu  :  5.833061 
gamma  :  40.21227 
kappa  :  0.6264286 
d  :  0.06869015 
ini_d  :  2.977148 
diff_d  :  0.1642734 
d_norm  :  1.908244 
purpose  :  1 
