
Results obtained with combination of parameters : 
un_year  :  1979.43 
un_max  :  0.7332829 
un_min  :  0.02688229 
uk  :  0.1263711 
th_edu  :  17.43612 
w_pnty  :  0.5749212 
post_edu  :  5.879103 
gamma  :  35.55949 
kappa  :  0.5448788 
d  :  0.08553501 
ini_d  :  4.733772 
diff_d  :  0.2095172 
d_norm  :  2.766977 
purpose  :  2 
