
Results obtained with combination of parameters : 
un_year  :  1973.85 
un_max  :  0.3890737 
un_min  :  0.04018169 
uk  :  0.2371325 
th_edu  :  16.73417 
w_pnty  :  0.2853162 
post_edu  :  4.26532 
gamma  :  42.7809 
kappa  :  0.4907567 
d  :  0.04054062 
ini_d  :  2.830306 
diff_d  :  0.1581097 
d_norm  :  2.493082 
purpose  :  1 
