
Results obtained with combination of parameters : 
un_year  :  1977.183 
un_max  :  0.9226894 
un_min  :  0.0256424 
uk  :  0.1411645 
th_edu  :  22.45514 
w_pnty  :  0.4137877 
post_edu  :  4.492526 
gamma  :  39.49699 
kappa  :  0.6346527 
d  :  0.08702913 
ini_d  :  4.992992 
diff_d  :  0.2089665 
d_norm  :  2.442984 
purpose  :  1 
