
Results obtained with combination of parameters : 
un_year  :  1972.791 
un_max  :  0.7267254 
un_min  :  0.03488512 
uk  :  0.269893 
th_edu  :  23.18372 
w_pnty  :  0.6591064 
post_edu  :  7.495079 
gamma  :  38.05816 
kappa  :  0.4081807 
d  :  0.06803662 
ini_d  :  2.924302 
diff_d  :  0.2774534 
d_norm  :  1.664072 
purpose  :  1 
