
Results obtained with combination of parameters : 
un_year  :  1974.812 
un_max  :  0.7501179 
un_min  :  0.03330088 
uk  :  0.2618109 
th_edu  :  23.58207 
w_pnty  :  0.576109 
post_edu  :  5.445857 
gamma  :  41.15127 
kappa  :  0.2490391 
d  :  0.08769899 
ini_d  :  5.430445 
diff_d  :  0.2246313 
d_norm  :  2.327971 
purpose  :  1 
