
Results obtained with combination of parameters : 
un_year  :  1973.993 
un_max  :  0.3881007 
un_min  :  0.0139198 
uk  :  0.2623254 
th_edu  :  22.60042 
w_pnty  :  0.2751485 
post_edu  :  4.326437 
gamma  :  37.21902 
kappa  :  0.6568012 
d  :  0.04510368 
ini_d  :  2.998688 
diff_d  :  0.1874772 
d_norm  :  2.372886 
purpose  :  1 
