
Results obtained with combination of parameters : 
un_year  :  1979.702 
un_max  :  0.7611892 
un_min  :  0.02949208 
uk  :  0.1155437 
th_edu  :  20.2009 
w_pnty  :  0.6664403 
post_edu  :  6.763778 
gamma  :  41.48264 
kappa  :  0.206806 
d  :  0.08870438 
ini_d  :  5.359534 
diff_d  :  0.2190571 
d_norm  :  2.666099 
purpose  :  1 
