
Results obtained with combination of parameters : 
un_year  :  1974.549 
un_max  :  0.8172565 
un_min  :  0.03998949 
uk  :  0.2284376 
th_edu  :  22.42492 
w_pnty  :  0.5697459 
post_edu  :  5.560177 
gamma  :  41.77673 
kappa  :  0.188098 
d  :  0.07025628 
ini_d  :  5.184139 
diff_d  :  0.2421023 
d_norm  :  2.522848 
purpose  :  1 
