
Results obtained with combination of parameters : 
un_year  :  1975.398 
un_max  :  0.7559916 
un_min  :  0.02792431 
uk  :  0.1234186 
th_edu  :  17.77622 
w_pnty  :  0.5512592 
post_edu  :  6.344074 
gamma  :  41.79894 
kappa  :  0.2411874 
d  :  0.08218695 
ini_d  :  5.034851 
diff_d  :  0.2417722 
d_norm  :  2.616217 
purpose  :  2 
