
Results obtained with combination of parameters : 
un_year  :  1973.797 
un_max  :  0.7230776 
un_min  :  0.03143345 
uk  :  0.200198 
th_edu  :  22.10129 
w_pnty  :  0.4658023 
post_edu  :  3.236355 
gamma  :  41.45413 
kappa  :  0.5173388 
d  :  0.08761574 
ini_d  :  5.260152 
diff_d  :  0.2337628 
d_norm  :  2.779975 
purpose  :  1 
