
Results obtained with combination of parameters : 
un_year  :  1972.366 
un_max  :  0.3237647 
un_min  :  0.03860971 
uk  :  0.2518456 
th_edu  :  21.05828 
w_pnty  :  0.2680584 
post_edu  :  3.099533 
gamma  :  44.29921 
kappa  :  0.6069402 
d  :  0.08124974 
ini_d  :  2.682234 
diff_d  :  0.1710009 
d_norm  :  2.506454 
purpose  :  1 
