
Results obtained with combination of parameters : 
un_year  :  1973.744 
un_max  :  0.3114099 
un_min  :  0.02002881 
uk  :  0.2010097 
th_edu  :  17.68305 
w_pnty  :  0.3043579 
post_edu  :  4.308706 
gamma  :  37.14567 
kappa  :  0.182672 
d  :  0.05565543 
ini_d  :  2.703844 
diff_d  :  0.1601769 
d_norm  :  2.425568 
purpose  :  1 
