
Results obtained with combination of parameters : 
un_year  :  1971.629 
un_max  :  0.3434588 
un_min  :  0.009131384 
uk  :  0.2215932 
th_edu  :  14.0534 
w_pnty  :  0.2996627 
post_edu  :  4.269399 
gamma  :  35.40528 
kappa  :  0.8878342 
d  :  0.03441706 
ini_d  :  2.77476 
diff_d  :  0.1768216 
d_norm  :  2.511542 
purpose  :  2 
