
Results obtained with combination of parameters : 
un_year  :  1972.374 
un_max  :  0.3149224 
un_min  :  0.02792621 
uk  :  0.2071297 
th_edu  :  15.92641 
w_pnty  :  0.5029202 
post_edu  :  3.492534 
gamma  :  39.62598 
kappa  :  0.4820688 
d  :  0.0591245 
ini_d  :  2.861818 
diff_d  :  0.1562625 
d_norm  :  2.449072 
purpose  :  1 
