
Results obtained with combination of parameters : 
un_year  :  1972.539 
un_max  :  0.2635209 
un_min  :  0.006840347 
uk  :  0.2389013 
th_edu  :  18.52235 
w_pnty  :  0.2377306 
post_edu  :  3.89307 
gamma  :  39.96299 
kappa  :  0.127982 
d  :  0.06095084 
ini_d  :  2.846142 
diff_d  :  0.1702437 
d_norm  :  2.431543 
purpose  :  1 
