
Results obtained with combination of parameters : 
un_year  :  1974.862 
un_max  :  0.2962404 
un_min  :  0.03883377 
uk  :  0.2793927 
th_edu  :  22.83324 
w_pnty  :  0.2456513 
post_edu  :  3.094384 
gamma  :  43.33165 
kappa  :  0.572816 
d  :  0.04518168 
ini_d  :  2.616662 
diff_d  :  0.1424009 
d_norm  :  2.406909 
purpose  :  1 
