
Results obtained with combination of parameters : 
un_year  :  1979 
un_max  :  0.9374523 
un_min  :  0.03009673 
uk  :  0.1536653 
th_edu  :  22.236 
w_pnty  :  0.6483609 
post_edu  :  3.984567 
gamma  :  38.49507 
kappa  :  0.4004246 
d  :  0.088566 
ini_d  :  4.945083 
diff_d  :  0.2170827 
d_norm  :  2.578014 
purpose  :  1 
