
Results obtained with combination of parameters : 
un_year  :  1972.198 
un_max  :  0.6681246 
un_min  :  0.03682432 
uk  :  0.2546951 
th_edu  :  17.00916 
w_pnty  :  0.5521533 
post_edu  :  6.34683 
gamma  :  35.56542 
kappa  :  0.3172292 
d  :  0.06413994 
ini_d  :  2.779682 
diff_d  :  0.2663639 
d_norm  :  1.861662 
purpose  :  2 
