
Results obtained with combination of parameters : 
un_year  :  1972.18 
un_max  :  0.8951115 
un_min  :  0.03914128 
uk  :  0.2643997 
th_edu  :  22.87163 
w_pnty  :  0.4531501 
post_edu  :  5.569669 
gamma  :  38.43843 
kappa  :  0.1586531 
d  :  0.05278721 
ini_d  :  5.01242 
diff_d  :  0.2928534 
d_norm  :  2.686604 
purpose  :  1 
