
Results obtained with combination of parameters : 
un_year  :  1972.589 
un_max  :  0.7697429 
un_min  :  0.03729804 
uk  :  0.2577277 
th_edu  :  17.36367 
w_pnty  :  0.6919053 
post_edu  :  3.124134 
gamma  :  35.39903 
kappa  :  0.3465776 
d  :  0.06643339 
ini_d  :  5.376069 
diff_d  :  0.2371383 
d_norm  :  2.684803 
purpose  :  1 
