
Results obtained with combination of parameters : 
un_year  :  1975.68 
un_max  :  0.4484333 
un_min  :  0.04474321 
uk  :  0.2735759 
th_edu  :  19.48074 
w_pnty  :  0.5941712 
post_edu  :  4.273261 
gamma  :  42.02633 
kappa  :  0.1039055 
d  :  0.05188274 
ini_d  :  2.987029 
diff_d  :  0.1475537 
d_norm  :  2.221507 
purpose  :  2 
