
Results obtained with combination of parameters : 
un_year  :  1973.017 
un_max  :  0.3565598 
un_min  :  0.02767505 
uk  :  0.2197179 
th_edu  :  16.05875 
w_pnty  :  0.3473165 
post_edu  :  3.947452 
gamma  :  38.67497 
kappa  :  0.4486515 
d  :  0.03698506 
ini_d  :  2.907402 
diff_d  :  0.1707436 
d_norm  :  2.288785 
purpose  :  1 
