
Results obtained with combination of parameters : 
un_year  :  1977.103 
un_max  :  0.3908768 
un_min  :  0.03512007 
uk  :  0.1923063 
th_edu  :  18.23305 
w_pnty  :  0.445204 
post_edu  :  6.02232 
gamma  :  43.59168 
kappa  :  0.20962 
d  :  0.06805503 
ini_d  :  2.899126 
diff_d  :  0.2364811 
d_norm  :  1.829015 
purpose  :  1 
