
Results obtained with combination of parameters : 
un_year  :  1977.133 
un_max  :  0.4168963 
un_min  :  0.02538119 
uk  :  0.2596449 
th_edu  :  22.26221 
w_pnty  :  0.5334996 
post_edu  :  6.894252 
gamma  :  38.51933 
kappa  :  0.3574026 
d  :  0.08588082 
ini_d  :  2.821917 
diff_d  :  0.2358144 
d_norm  :  1.856246 
purpose  :  1 
