
Results obtained with combination of parameters : 
un_year  :  1973.365 
un_max  :  0.8464235 
un_min  :  0.02842899 
uk  :  0.1377776 
th_edu  :  20.48351 
w_pnty  :  0.6761464 
post_edu  :  3.306043 
gamma  :  44.40371 
kappa  :  0.6431796 
d  :  0.08738162 
ini_d  :  5.105361 
diff_d  :  0.2637152 
d_norm  :  2.77012 
purpose  :  1 
