
Results obtained with combination of parameters : 
un_year  :  1971.243 
un_max  :  0.2865462 
un_min  :  0.02845368 
uk  :  0.2140327 
th_edu  :  23.46501 
w_pnty  :  0.2567455 
post_edu  :  3.873424 
gamma  :  40.52511 
kappa  :  0.2093892 
d  :  0.03454501 
ini_d  :  2.820082 
diff_d  :  0.196857 
d_norm  :  2.408449 
purpose  :  1 
