
Results obtained with combination of parameters : 
un_year  :  1976.288 
un_max  :  0.7236932 
un_min  :  0.03655852 
uk  :  0.2053307 
th_edu  :  19.21172 
w_pnty  :  0.5306158 
post_edu  :  4.953181 
gamma  :  44.19866 
kappa  :  0.5832944 
d  :  0.08235094 
ini_d  :  4.804926 
diff_d  :  0.2518724 
d_norm  :  2.315767 
purpose  :  1 
