
Results obtained with combination of parameters : 
un_year  :  1975.618 
un_max  :  0.282256 
un_min  :  0.006645612 
uk  :  0.2236607 
th_edu  :  18.64022 
w_pnty  :  0.3234183 
post_edu  :  3.12635 
gamma  :  37.46494 
kappa  :  0.1198274 
d  :  0.03222868 
ini_d  :  2.701807 
diff_d  :  0.1647143 
d_norm  :  2.541908 
purpose  :  1 
