
Results obtained with combination of parameters : 
un_year  :  1973.462 
un_max  :  0.7458912 
un_min  :  0.03987134 
uk  :  0.1574108 
th_edu  :  19.76035 
w_pnty  :  0.6288401 
post_edu  :  5.174159 
gamma  :  42.97699 
kappa  :  0.1083466 
d  :  0.05447523 
ini_d  :  2.739718 
diff_d  :  0.1583287 
d_norm  :  1.673764 
purpose  :  2 
