
Results obtained with combination of parameters : 
un_year  :  1977.26 
un_max  :  0.6886579 
un_min  :  0.0301905 
uk  :  0.2645464 
th_edu  :  14.44936 
w_pnty  :  0.6370208 
post_edu  :  6.964774 
gamma  :  36.86206 
kappa  :  0.647057 
d  :  0.08384389 
ini_d  :  2.725221 
diff_d  :  0.163333 
d_norm  :  1.9059 
purpose  :  2 
