
Results obtained with combination of parameters : 
un_year  :  1979.127 
un_max  :  0.6663348 
un_min  :  0.02549721 
uk  :  0.2352681 
th_edu  :  14.19091 
w_pnty  :  0.4029887 
post_edu  :  4.01353 
gamma  :  44.42401 
kappa  :  0.6673028 
d  :  0.06009641 
ini_d  :  5.477923 
diff_d  :  0.2925809 
d_norm  :  2.783422 
purpose  :  1 
