
Results obtained with combination of parameters : 
un_year  :  1973.159 
un_max  :  0.395559 
un_min  :  0.02914592 
uk  :  0.2044927 
th_edu  :  15.36907 
w_pnty  :  0.280715 
post_edu  :  3.764411 
gamma  :  41.39976 
kappa  :  0.2573126 
d  :  0.06481764 
ini_d  :  2.610997 
diff_d  :  0.162712 
d_norm  :  2.466403 
purpose  :  1 
