
Results obtained with combination of parameters : 
un_year  :  1977.184 
un_max  :  0.5674902 
un_min  :  0.03423203 
uk  :  0.1590514 
th_edu  :  14.71713 
w_pnty  :  0.6945083 
post_edu  :  5.121786 
gamma  :  40.1051 
kappa  :  0.458821 
d  :  0.06270277 
ini_d  :  2.996019 
diff_d  :  0.2735555 
d_norm  :  1.762996 
purpose  :  1 
