
Results obtained with combination of parameters : 
un_year  :  1975.125 
un_max  :  0.5597012 
un_min  :  0.03322978 
uk  :  0.2164535 
th_edu  :  18.72618 
w_pnty  :  0.5220546 
post_edu  :  6.456634 
gamma  :  39.43523 
kappa  :  0.4161592 
d  :  0.06682314 
ini_d  :  2.872028 
diff_d  :  0.2217729 
d_norm  :  1.83135 
purpose  :  2 
