
Results obtained with combination of parameters : 
un_year  :  1972.986 
un_max  :  0.5394452 
un_min  :  0.0370943 
uk  :  0.153581 
th_edu  :  17.12683 
w_pnty  :  0.6153456 
post_edu  :  6.869614 
gamma  :  36.43155 
kappa  :  0.4496095 
d  :  0.08083094 
ini_d  :  2.767261 
diff_d  :  0.2698381 
d_norm  :  1.889109 
purpose  :  1 
