
Results obtained with combination of parameters : 
un_year  :  1973.473 
un_max  :  0.3871298 
un_min  :  0.02729601 
uk  :  0.2089716 
th_edu  :  21.93636 
w_pnty  :  0.4711121 
post_edu  :  4.138789 
gamma  :  39.07208 
kappa  :  0.5238829 
d  :  0.04606513 
ini_d  :  2.947754 
diff_d  :  0.1524502 
d_norm  :  2.241798 
purpose  :  1 
