
Results obtained with combination of parameters : 
un_year  :  1975.241 
un_max  :  0.582505 
un_min  :  0.0341068 
uk  :  0.2125785 
th_edu  :  20.57411 
w_pnty  :  0.6009829 
post_edu  :  5.144506 
gamma  :  40.48417 
kappa  :  0.2577466 
d  :  0.0584209 
ini_d  :  2.880738 
diff_d  :  0.1726952 
d_norm  :  1.720497 
purpose  :  1 
