
Results obtained with combination of parameters : 
un_year  :  1975.535 
un_max  :  0.2984826 
un_min  :  0.03352298 
uk  :  0.1938318 
th_edu  :  23.80051 
w_pnty  :  0.3566204 
post_edu  :  4.478179 
gamma  :  44.64812 
kappa  :  0.2648013 
d  :  0.07429583 
ini_d  :  2.691125 
diff_d  :  0.1901771 
d_norm  :  2.313569 
purpose  :  2 
