
Results obtained with combination of parameters : 
un_year  :  1974.682 
un_max  :  0.5179298 
un_min  :  0.02580817 
uk  :  0.2213154 
th_edu  :  22.80875 
w_pnty  :  0.6044506 
post_edu  :  6.031702 
gamma  :  35.5874 
kappa  :  0.191937 
d  :  0.07591718 
ini_d  :  2.794783 
diff_d  :  0.2694747 
d_norm  :  1.960899 
purpose  :  1 
