
Results obtained with combination of parameters : 
un_year  :  1975.92 
un_max  :  0.3001784 
un_min  :  0.04127708 
uk  :  0.2199179 
th_edu  :  21.80662 
w_pnty  :  0.4013999 
post_edu  :  4.079199 
gamma  :  40.75253 
kappa  :  0.2559745 
d  :  0.04709669 
ini_d  :  2.784101 
diff_d  :  0.1510477 
d_norm  :  2.562398 
purpose  :  1 
