
Results obtained with combination of parameters : 
un_year  :  1971.174 
un_max  :  0.2923232 
un_min  :  0.02983288 
uk  :  0.2553968 
th_edu  :  18.51896 
w_pnty  :  0.3411738 
post_edu  :  3.782493 
gamma  :  41.67643 
kappa  :  0.2146315 
d  :  0.03776683 
ini_d  :  2.961485 
diff_d  :  0.1715385 
d_norm  :  2.255577 
purpose  :  1 
