
Results obtained with combination of parameters : 
un_year  :  1972.661 
un_max  :  0.3819775 
un_min  :  0.01398153 
uk  :  0.2215558 
th_edu  :  18.99282 
w_pnty  :  0.4374431 
post_edu  :  4.253825 
gamma  :  38.87724 
kappa  :  0.5184295 
d  :  0.06992356 
ini_d  :  2.896538 
diff_d  :  0.1973384 
d_norm  :  2.359262 
purpose  :  1 
