
Results obtained with combination of parameters : 
un_year  :  1974.736 
un_max  :  0.7054988 
un_min  :  0.02745043 
uk  :  0.1632075 
th_edu  :  17.30462 
w_pnty  :  0.6011775 
post_edu  :  7.205001 
gamma  :  41.05143 
kappa  :  0.4699262 
d  :  0.07523085 
ini_d  :  2.936693 
diff_d  :  0.2245473 
d_norm  :  1.777261 
purpose  :  1 
