
Results obtained with combination of parameters : 
un_year  :  1972.285 
un_max  :  0.5120183 
un_min  :  0.03901376 
uk  :  0.2277674 
th_edu  :  17.23244 
w_pnty  :  0.5384906 
post_edu  :  7.084313 
gamma  :  38.82804 
kappa  :  0.429643 
d  :  0.07313717 
ini_d  :  2.814088 
diff_d  :  0.1882786 
d_norm  :  1.716101 
purpose  :  1 
