
Results obtained with combination of parameters : 
un_year  :  1973.223 
un_max  :  0.491045 
un_min  :  0.02761869 
uk  :  0.1545864 
th_edu  :  15.66111 
w_pnty  :  0.4137061 
post_edu  :  5.532965 
gamma  :  38.453 
kappa  :  0.3684267 
d  :  0.05921336 
ini_d  :  2.889443 
diff_d  :  0.1633573 
d_norm  :  1.701399 
purpose  :  1 
