
Results obtained with combination of parameters : 
un_year  :  1972.054 
un_max  :  0.2661883 
un_min  :  0.01418117 
uk  :  0.2658689 
th_edu  :  23.7215 
w_pnty  :  0.2662235 
post_edu  :  3.391786 
gamma  :  43.58557 
kappa  :  0.1260145 
d  :  0.0592353 
ini_d  :  2.947454 
diff_d  :  0.1775432 
d_norm  :  2.265972 
purpose  :  1 
