
Results obtained with combination of parameters : 
un_year  :  1972.377 
un_max  :  0.4580862 
un_min  :  0.03595708 
uk  :  0.2389842 
th_edu  :  23.51201 
w_pnty  :  0.5880614 
post_edu  :  7.951009 
gamma  :  39.61284 
kappa  :  0.6522732 
d  :  0.08149592 
ini_d  :  2.858787 
diff_d  :  0.2250534 
d_norm  :  1.853737 
purpose  :  1 
