
Results obtained with combination of parameters : 
un_year  :  1972.261 
un_max  :  0.378393 
un_min  :  0.01457773 
uk  :  0.2051447 
th_edu  :  17.44775 
w_pnty  :  0.3995454 
post_edu  :  3.08895 
gamma  :  40.18284 
kappa  :  0.7073311 
d  :  0.03817982 
ini_d  :  2.633555 
diff_d  :  0.1885808 
d_norm  :  2.314202 
purpose  :  1 
