
Results obtained with combination of parameters : 
un_year  :  1975.244 
un_max  :  0.4156738 
un_min  :  0.03404589 
uk  :  0.2616909 
th_edu  :  23.90742 
w_pnty  :  0.4580767 
post_edu  :  4.389911 
gamma  :  38.59936 
kappa  :  0.7831866 
d  :  0.07035027 
ini_d  :  2.949836 
diff_d  :  0.1988569 
d_norm  :  2.36933 
purpose  :  1 
