
Results obtained with combination of parameters : 
un_year  :  1972.883 
un_max  :  0.3052326 
un_min  :  0.03072515 
uk  :  0.213634 
th_edu  :  20.95945 
w_pnty  :  0.435378 
post_edu  :  3.545931 
gamma  :  37.62806 
kappa  :  0.5720569 
d  :  0.05058951 
ini_d  :  2.737329 
diff_d  :  0.1745119 
d_norm  :  2.290454 
purpose  :  2 
