
Results obtained with combination of parameters : 
un_year  :  1972.983 
un_max  :  0.3649419 
un_min  :  0.02689194 
uk  :  0.2364867 
th_edu  :  22.73935 
w_pnty  :  0.2795571 
post_edu  :  3.833475 
gamma  :  39.79262 
kappa  :  0.5348018 
d  :  0.0493687 
ini_d  :  2.95558 
diff_d  :  0.1804293 
d_norm  :  2.535779 
purpose  :  1 
