
Results obtained with combination of parameters : 
un_year  :  1972.061 
un_max  :  0.4493898 
un_min  :  0.02428208 
uk  :  0.2460354 
th_edu  :  22.51215 
w_pnty  :  0.4083135 
post_edu  :  3.436148 
gamma  :  41.47782 
kappa  :  0.2548664 
d  :  0.07774412 
ini_d  :  2.777649 
diff_d  :  0.1489296 
d_norm  :  2.445298 
purpose  :  1 
