
Results obtained with combination of parameters : 
un_year  :  1977.263 
un_max  :  0.5243186 
un_min  :  0.03291135 
uk  :  0.2673291 
th_edu  :  17.62926 
w_pnty  :  0.492937 
post_edu  :  6.521143 
gamma  :  41.28421 
kappa  :  0.4237865 
d  :  0.05451749 
ini_d  :  2.748959 
diff_d  :  0.2062361 
d_norm  :  1.852146 
purpose  :  1 
