
Results obtained with combination of parameters : 
un_year  :  1972.91 
un_max  :  0.382917 
un_min  :  0.04023083 
uk  :  0.2522642 
th_edu  :  20.93681 
w_pnty  :  0.4930337 
post_edu  :  4.098482 
gamma  :  39.40536 
kappa  :  0.3140899 
d  :  0.04493038 
ini_d  :  2.968989 
diff_d  :  0.18534 
d_norm  :  2.514763 
purpose  :  1 
