
Results obtained with combination of parameters : 
un_year  :  1973.689 
un_max  :  0.7889777 
un_min  :  0.02570067 
uk  :  0.1985894 
th_edu  :  18.84613 
w_pnty  :  0.4852492 
post_edu  :  3.162845 
gamma  :  35.33419 
kappa  :  0.1518271 
d  :  0.06903942 
ini_d  :  5.322668 
diff_d  :  0.2814441 
d_norm  :  2.469497 
purpose  :  1 
