
Results obtained with combination of parameters : 
un_year  :  1977.375 
un_max  :  0.445135 
un_min  :  0.03182513 
uk  :  0.1816487 
th_edu  :  16.58649 
w_pnty  :  0.4753122 
post_edu  :  6.349735 
gamma  :  36.63898 
kappa  :  0.4508917 
d  :  0.0571229 
ini_d  :  2.930269 
diff_d  :  0.173087 
d_norm  :  1.878659 
purpose  :  1 
