
Results obtained with combination of parameters : 
un_year  :  1974.574 
un_max  :  0.8289711 
un_min  :  0.0351805 
uk  :  0.2562694 
th_edu  :  23.1216 
w_pnty  :  0.5890136 
post_edu  :  4.161505 
gamma  :  39.5026 
kappa  :  0.2621313 
d  :  0.05258763 
ini_d  :  4.982236 
diff_d  :  0.2687874 
d_norm  :  2.456095 
purpose  :  1 
