
Results obtained with combination of parameters : 
un_year  :  1975.935 
un_max  :  0.9150304 
un_min  :  0.02615048 
uk  :  0.2154292 
th_edu  :  20.14188 
w_pnty  :  0.5383495 
post_edu  :  5.247011 
gamma  :  41.03296 
kappa  :  0.2594854 
d  :  0.07953882 
ini_d  :  5.144005 
diff_d  :  0.2007254 
d_norm  :  2.384934 
purpose  :  1 
