
Results obtained with combination of parameters : 
un_year  :  1971.416 
un_max  :  0.3410265 
un_min  :  0.02998305 
uk  :  0.2122255 
th_edu  :  17.79655 
w_pnty  :  0.2619743 
post_edu  :  3.296228 
gamma  :  41.92518 
kappa  :  0.2588146 
d  :  0.08803965 
ini_d  :  2.761815 
diff_d  :  0.1535926 
d_norm  :  2.567022 
purpose  :  1 
