
Results obtained with combination of parameters : 
un_year  :  1973.621 
un_max  :  0.338315 
un_min  :  0.03733897 
uk  :  0.2694172 
th_edu  :  18.65982 
w_pnty  :  0.3671448 
post_edu  :  4.038558 
gamma  :  40.6611 
kappa  :  0.313283 
d  :  0.07591153 
ini_d  :  2.830961 
diff_d  :  0.1511991 
d_norm  :  2.543031 
purpose  :  1 
