
Results obtained with combination of parameters : 
un_year  :  1977.743 
un_max  :  0.9213927 
un_min  :  0.02526007 
uk  :  0.1707478 
th_edu  :  20.66213 
w_pnty  :  0.5246584 
post_edu  :  5.200943 
gamma  :  40.11673 
kappa  :  0.3772862 
d  :  0.05829678 
ini_d  :  4.990931 
diff_d  :  0.2502075 
d_norm  :  2.733284 
purpose  :  1 
