
Results obtained with combination of parameters : 
un_year  :  1976.515 
un_max  :  0.4112674 
un_min  :  0.03527391 
uk  :  0.1530379 
th_edu  :  17.60478 
w_pnty  :  0.4144352 
post_edu  :  5.003175 
gamma  :  39.6905 
kappa  :  0.2513477 
d  :  0.0822255 
ini_d  :  2.791784 
diff_d  :  0.1780602 
d_norm  :  1.921647 
purpose  :  1 
