
Results obtained with combination of parameters : 
un_year  :  1976.156 
un_max  :  0.6815849 
un_min  :  0.03219558 
uk  :  0.1668729 
th_edu  :  20.03358 
w_pnty  :  0.4519072 
post_edu  :  6.515466 
gamma  :  40.24595 
kappa  :  0.1446924 
d  :  0.07111721 
ini_d  :  2.877556 
diff_d  :  0.2696851 
d_norm  :  1.929631 
purpose  :  2 
