
Results obtained with combination of parameters : 
un_year  :  1976.63 
un_max  :  0.5807515 
un_min  :  0.02754818 
uk  :  0.2256846 
th_edu  :  22.5003 
w_pnty  :  0.6204048 
post_edu  :  7.443314 
gamma  :  44.07681 
kappa  :  0.5372513 
d  :  0.08780406 
ini_d  :  2.704218 
diff_d  :  0.1946241 
d_norm  :  1.715819 
purpose  :  1 
