
Results obtained with combination of parameters : 
un_year  :  1977.924 
un_max  :  0.8723485 
un_min  :  0.02762226 
uk  :  0.2146581 
th_edu  :  15.47153 
w_pnty  :  0.6271633 
post_edu  :  6.233426 
gamma  :  44.33021 
kappa  :  0.3439549 
d  :  0.07251953 
ini_d  :  4.796997 
diff_d  :  0.2128944 
d_norm  :  2.530653 
purpose  :  1 
