
Results obtained with combination of parameters : 
un_year  :  1975.263 
un_max  :  0.8842496 
un_min  :  0.03327178 
uk  :  0.1183859 
th_edu  :  22.47843 
w_pnty  :  0.6045555 
post_edu  :  3.710499 
gamma  :  35.79255 
kappa  :  0.5695121 
d  :  0.08613805 
ini_d  :  4.785229 
diff_d  :  0.2110662 
d_norm  :  2.633221 
purpose  :  1 
