
Results obtained with combination of parameters : 
un_year  :  1972.51 
un_max  :  0.3419514 
un_min  :  0.03066585 
uk  :  0.2341313 
th_edu  :  15.44878 
w_pnty  :  0.4270165 
post_edu  :  3.748076 
gamma  :  38.83139 
kappa  :  0.6076055 
d  :  0.06875755 
ini_d  :  2.965317 
diff_d  :  0.1515519 
d_norm  :  2.527025 
purpose  :  1 
