
Results obtained with combination of parameters : 
un_year  :  1973.413 
un_max  :  0.5013876 
un_min  :  0.03014813 
uk  :  0.2286143 
th_edu  :  16.12877 
w_pnty  :  0.6858747 
post_edu  :  6.995491 
gamma  :  39.74863 
kappa  :  0.3232768 
d  :  0.08409404 
ini_d  :  2.723368 
diff_d  :  0.257766 
d_norm  :  1.842618 
purpose  :  1 
