
Results obtained with combination of parameters : 
un_year  :  1974.68 
un_max  :  0.6566874 
un_min  :  0.03280459 
uk  :  0.2190634 
th_edu  :  18.59394 
w_pnty  :  0.6124891 
post_edu  :  5.172892 
gamma  :  42.15634 
kappa  :  0.4438822 
d  :  0.05769869 
ini_d  :  4.913103 
diff_d  :  0.2455915 
d_norm  :  2.785089 
purpose  :  1 
