
Results obtained with combination of parameters : 
un_year  :  1977.739 
un_max  :  0.6748383 
un_min  :  0.03594194 
uk  :  0.1646161 
th_edu  :  16.76162 
w_pnty  :  0.5964131 
post_edu  :  5.617534 
gamma  :  38.47328 
kappa  :  0.1838243 
d  :  0.07899234 
ini_d  :  2.844992 
diff_d  :  0.2494572 
d_norm  :  1.688819 
purpose  :  1 
