
Results obtained with combination of parameters : 
un_year  :  1977.235 
un_max  :  0.3677164 
un_min  :  0.0252142 
uk  :  0.2659328 
th_edu  :  23.03321 
w_pnty  :  0.5516482 
post_edu  :  6.118977 
gamma  :  36.68797 
kappa  :  0.5835671 
d  :  0.08493838 
ini_d  :  2.776419 
diff_d  :  0.277027 
d_norm  :  1.699061 
purpose  :  2 
