
Results obtained with combination of parameters : 
un_year  :  1975.971 
un_max  :  0.4327305 
un_min  :  0.009324439 
uk  :  0.2549474 
th_edu  :  16.48731 
w_pnty  :  0.2699123 
post_edu  :  4.397555 
gamma  :  38.65643 
kappa  :  0.797832 
d  :  0.06508909 
ini_d  :  2.795804 
diff_d  :  0.1666308 
d_norm  :  2.559736 
purpose  :  1 
