
Results obtained with combination of parameters : 
un_year  :  1977.834 
un_max  :  0.5256058 
un_min  :  0.03875754 
uk  :  0.2082535 
th_edu  :  21.80815 
w_pnty  :  0.6994718 
post_edu  :  7.190601 
gamma  :  42.03763 
kappa  :  0.4700506 
d  :  0.08437152 
ini_d  :  2.966141 
diff_d  :  0.2521214 
d_norm  :  1.851566 
purpose  :  1 
