
Results obtained with combination of parameters : 
un_year  :  1979.283 
un_max  :  0.7513269 
un_min  :  0.03427187 
uk  :  0.2013151 
th_edu  :  14.34412 
w_pnty  :  0.555122 
post_edu  :  4.079938 
gamma  :  44.02033 
kappa  :  0.6287875 
d  :  0.07157453 
ini_d  :  4.741808 
diff_d  :  0.231538 
d_norm  :  2.694671 
purpose  :  1 
