
Results obtained with combination of parameters : 
un_year  :  1972.555 
un_max  :  0.6740238 
un_min  :  0.03281752 
uk  :  0.167071 
th_edu  :  17.07229 
w_pnty  :  0.421807 
post_edu  :  7.184876 
gamma  :  42.45943 
kappa  :  0.6390277 
d  :  0.05908145 
ini_d  :  2.710089 
diff_d  :  0.1538919 
d_norm  :  1.994527 
purpose  :  1 
