
Results obtained with combination of parameters : 
un_year  :  1973.419 
un_max  :  0.7150197 
un_min  :  0.03787011 
uk  :  0.1599195 
th_edu  :  23.04427 
w_pnty  :  0.6236381 
post_edu  :  5.445849 
gamma  :  38.56334 
kappa  :  0.6795302 
d  :  0.07533044 
ini_d  :  2.898122 
diff_d  :  0.2950521 
d_norm  :  1.859579 
purpose  :  1 
