
Results obtained with combination of parameters : 
un_year  :  1979.254 
un_max  :  0.6792776 
un_min  :  0.02544643 
uk  :  0.2693436 
th_edu  :  23.40873 
w_pnty  :  0.4160719 
post_edu  :  6.020156 
gamma  :  44.3836 
kappa  :  0.1128038 
d  :  0.05908371 
ini_d  :  4.71761 
diff_d  :  0.2994487 
d_norm  :  2.580439 
purpose  :  1 
