
Results obtained with combination of parameters : 
un_year  :  1979.231 
un_max  :  0.778704 
un_min  :  0.03606574 
uk  :  0.1982908 
th_edu  :  22.4397 
w_pnty  :  0.573248 
post_edu  :  3.172079 
gamma  :  42.4173 
kappa  :  0.1752676 
d  :  0.06359217 
ini_d  :  4.87624 
diff_d  :  0.2147194 
d_norm  :  2.610229 
purpose  :  1 
