
Results obtained with combination of parameters : 
un_year  :  1973.897 
un_max  :  0.3822047 
un_min  :  0.01770632 
uk  :  0.2526197 
th_edu  :  22.18352 
w_pnty  :  0.354857 
post_edu  :  4.057255 
gamma  :  38.63818 
kappa  :  0.5801063 
d  :  0.07055571 
ini_d  :  2.951098 
diff_d  :  0.1682875 
d_norm  :  2.588411 
purpose  :  1 
