
Results obtained with combination of parameters : 
un_year  :  1975.949 
un_max  :  0.4091263 
un_min  :  0.0344745 
uk  :  0.186367 
th_edu  :  18.9454 
w_pnty  :  0.4536216 
post_edu  :  5.799525 
gamma  :  40.65449 
kappa  :  0.2107027 
d  :  0.07385596 
ini_d  :  2.792893 
diff_d  :  0.223522 
d_norm  :  1.96773 
purpose  :  1 
