
Results obtained with combination of parameters : 
un_year  :  1975.193 
un_max  :  0.352479 
un_min  :  0.01937766 
uk  :  0.2148166 
th_edu  :  15.32281 
w_pnty  :  0.2254348 
post_edu  :  4.01508 
gamma  :  43.45899 
kappa  :  0.655965 
d  :  0.03803043 
ini_d  :  2.695057 
diff_d  :  0.1546231 
d_norm  :  2.557882 
purpose  :  2 
