
Results obtained with combination of parameters : 
un_year  :  1975.456 
un_max  :  0.400148 
un_min  :  0.0300304 
uk  :  0.2344695 
th_edu  :  21.97271 
w_pnty  :  0.483462 
post_edu  :  6.476996 
gamma  :  37.27242 
kappa  :  0.1271163 
d  :  0.06232745 
ini_d  :  2.790362 
diff_d  :  0.2377395 
d_norm  :  1.803839 
purpose  :  1 
