
Results obtained with combination of parameters : 
un_year  :  1972.541 
un_max  :  0.689131 
un_min  :  0.03260835 
uk  :  0.25122 
th_edu  :  15.03985 
w_pnty  :  0.4595298 
post_edu  :  5.859957 
gamma  :  40.98934 
kappa  :  0.2719582 
d  :  0.05297466 
ini_d  :  5.157318 
diff_d  :  0.2176864 
d_norm  :  2.384254 
purpose  :  1 
