
Results obtained with combination of parameters : 
un_year  :  1977.429 
un_max  :  0.4639819 
un_min  :  0.02628094 
uk  :  0.2333483 
th_edu  :  21.21615 
w_pnty  :  0.5828183 
post_edu  :  6.870708 
gamma  :  41.89292 
kappa  :  0.4803691 
d  :  0.08534481 
ini_d  :  2.753993 
diff_d  :  0.2344082 
d_norm  :  1.691201 
purpose  :  1 
