
Results obtained with combination of parameters : 
un_year  :  1978.088 
un_max  :  0.6682487 
un_min  :  0.03869118 
uk  :  0.1291893 
th_edu  :  20.69691 
w_pnty  :  0.4096616 
post_edu  :  6.509676 
gamma  :  44.14509 
kappa  :  0.6002316 
d  :  0.05968136 
ini_d  :  4.760142 
diff_d  :  0.2640961 
d_norm  :  2.355571 
purpose  :  1 
