
Results obtained with combination of parameters : 
un_year  :  1973.911 
un_max  :  0.7385418 
un_min  :  0.02709446 
uk  :  0.2254966 
th_edu  :  20.69028 
w_pnty  :  0.6832476 
post_edu  :  7.733096 
gamma  :  43.11095 
kappa  :  0.4983296 
d  :  0.06421942 
ini_d  :  2.962977 
diff_d  :  0.2478709 
d_norm  :  1.977509 
purpose  :  1 
