
Results obtained with combination of parameters : 
un_year  :  1978.456 
un_max  :  0.8359112 
un_min  :  0.0363285 
uk  :  0.1585172 
th_edu  :  17.58946 
w_pnty  :  0.4539438 
post_edu  :  5.788353 
gamma  :  40.64992 
kappa  :  0.5867321 
d  :  0.08503736 
ini_d  :  5.376874 
diff_d  :  0.2455437 
d_norm  :  2.305644 
purpose  :  1 
