
Results obtained with combination of parameters : 
un_year  :  1977.494 
un_max  :  0.5095451 
un_min  :  0.02799015 
uk  :  0.186594 
th_edu  :  14.84777 
w_pnty  :  0.5203105 
post_edu  :  5.985421 
gamma  :  39.06806 
kappa  :  0.2332267 
d  :  0.08315846 
ini_d  :  2.950869 
diff_d  :  0.2838554 
d_norm  :  1.995329 
purpose  :  2 
