
Results obtained with combination of parameters : 
un_year  :  1973.463 
un_max  :  0.3276876 
un_min  :  0.03281737 
uk  :  0.2032667 
th_edu  :  16.57774 
w_pnty  :  0.4655917 
post_edu  :  4.461109 
gamma  :  39.85022 
kappa  :  0.5899999 
d  :  0.04842696 
ini_d  :  2.941132 
diff_d  :  0.1533295 
d_norm  :  2.526378 
purpose  :  1 
