
Results obtained with combination of parameters : 
un_year  :  1973.528 
un_max  :  0.404188 
un_min  :  0.00675913 
uk  :  0.2374953 
th_edu  :  16.22644 
w_pnty  :  0.3517161 
post_edu  :  3.599716 
gamma  :  43.47217 
kappa  :  0.2198542 
d  :  0.07167574 
ini_d  :  2.883518 
diff_d  :  0.1764796 
d_norm  :  2.396725 
purpose  :  1 
