
Results obtained with combination of parameters : 
un_year  :  1971.317 
un_max  :  0.3320919 
un_min  :  0.008938485 
uk  :  0.2540139 
th_edu  :  23.30124 
w_pnty  :  0.4894833 
post_edu  :  3.549957 
gamma  :  38.92538 
kappa  :  0.3835397 
d  :  0.06797927 
ini_d  :  2.794685 
diff_d  :  0.1965523 
d_norm  :  2.340116 
purpose  :  1 
