
Results obtained with combination of parameters : 
un_year  :  1975.674 
un_max  :  0.4021344 
un_min  :  0.01016505 
uk  :  0.2057857 
th_edu  :  16.99718 
w_pnty  :  0.2473469 
post_edu  :  3.124355 
gamma  :  40.84783 
kappa  :  0.1105271 
d  :  0.08643456 
ini_d  :  2.873669 
diff_d  :  0.1695702 
d_norm  :  2.543639 
purpose  :  1 
