
Results obtained with combination of parameters : 
un_year  :  1977.606 
un_max  :  0.895908 
un_min  :  0.03503553 
uk  :  0.1338242 
th_edu  :  15.25926 
w_pnty  :  0.6402444 
post_edu  :  5.774183 
gamma  :  44.86299 
kappa  :  0.6752359 
d  :  0.05461074 
ini_d  :  5.354063 
diff_d  :  0.2517554 
d_norm  :  2.327302 
purpose  :  1 
