
Results obtained with combination of parameters : 
un_year  :  1973.359 
un_max  :  0.8721111 
un_min  :  0.03940028 
uk  :  0.1060142 
th_edu  :  20.962 
w_pnty  :  0.5478304 
post_edu  :  3.102591 
gamma  :  41.05602 
kappa  :  0.6124884 
d  :  0.06254679 
ini_d  :  5.133593 
diff_d  :  0.2938907 
d_norm  :  2.308352 
purpose  :  1 
