
Results obtained with combination of parameters : 
un_year  :  1975.683 
un_max  :  0.3404147 
un_min  :  0.04440065 
uk  :  0.2201493 
th_edu  :  14.08752 
w_pnty  :  0.2219811 
post_edu  :  3.146046 
gamma  :  35.54843 
kappa  :  0.7091379 
d  :  0.08291711 
ini_d  :  2.662421 
diff_d  :  0.1917124 
d_norm  :  2.230217 
purpose  :  1 
