
Results obtained with combination of parameters : 
un_year  :  1976.91 
un_max  :  0.6814018 
un_min  :  0.02708616 
uk  :  0.1147029 
th_edu  :  20.44414 
w_pnty  :  0.6839295 
post_edu  :  3.647775 
gamma  :  41.4424 
kappa  :  0.1336252 
d  :  0.06132554 
ini_d  :  5.138434 
diff_d  :  0.2161211 
d_norm  :  2.317408 
purpose  :  1 
