
Results obtained with combination of parameters : 
un_year  :  1977.28 
un_max  :  0.4255412 
un_min  :  0.0306905 
uk  :  0.160839 
th_edu  :  20.44702 
w_pnty  :  0.5898711 
post_edu  :  6.734112 
gamma  :  42.5008 
kappa  :  0.2901913 
d  :  0.07444192 
ini_d  :  2.786668 
diff_d  :  0.2832933 
d_norm  :  1.945126 
purpose  :  1 
