
Results obtained with combination of parameters : 
un_year  :  1974.602 
un_max  :  0.5914031 
un_min  :  0.02787064 
uk  :  0.2551555 
th_edu  :  14.75065 
w_pnty  :  0.5850181 
post_edu  :  7.55374 
gamma  :  37.13912 
kappa  :  0.5321838 
d  :  0.08348002 
ini_d  :  2.895652 
diff_d  :  0.2523461 
d_norm  :  1.668672 
purpose  :  2 
