
Results obtained with combination of parameters : 
un_year  :  1974.412 
un_max  :  0.6909364 
un_min  :  0.03560472 
uk  :  0.2676531 
th_edu  :  17.7699 
w_pnty  :  0.5422008 
post_edu  :  6.279314 
gamma  :  40.44411 
kappa  :  0.5189987 
d  :  0.06528688 
ini_d  :  2.913647 
diff_d  :  0.1979047 
d_norm  :  1.618428 
purpose  :  1 
