
Results obtained with combination of parameters : 
un_year  :  1973.124 
un_max  :  0.3969322 
un_min  :  0.0266509 
uk  :  0.2256915 
th_edu  :  19.7945 
w_pnty  :  0.4390546 
post_edu  :  4.100889 
gamma  :  43.43823 
kappa  :  0.1049734 
d  :  0.05008509 
ini_d  :  2.867961 
diff_d  :  0.187755 
d_norm  :  2.315032 
purpose  :  1 
