
Results obtained with combination of parameters : 
un_year  :  1975.377 
un_max  :  0.2647331 
un_min  :  0.03218555 
uk  :  0.2515944 
th_edu  :  21.48368 
w_pnty  :  0.3268385 
post_edu  :  3.376459 
gamma  :  39.37796 
kappa  :  0.3889594 
d  :  0.08797062 
ini_d  :  2.650662 
diff_d  :  0.1571297 
d_norm  :  2.339973 
purpose  :  1 
