
Results obtained with combination of parameters : 
un_year  :  1972.822 
un_max  :  0.7072576 
un_min  :  0.03379603 
uk  :  0.2324202 
th_edu  :  21.0853 
w_pnty  :  0.4448498 
post_edu  :  5.903833 
gamma  :  42.08211 
kappa  :  0.3967128 
d  :  0.0573717 
ini_d  :  2.886474 
diff_d  :  0.2230054 
d_norm  :  1.877464 
purpose  :  1 
