
Results obtained with combination of parameters : 
un_year  :  1975.765 
un_max  :  0.3646812 
un_min  :  0.03958601 
uk  :  0.2638773 
th_edu  :  22.30963 
w_pnty  :  0.5647061 
post_edu  :  4.413784 
gamma  :  44.30645 
kappa  :  0.6402322 
d  :  0.08100219 
ini_d  :  2.640204 
diff_d  :  0.1766653 
d_norm  :  2.527493 
purpose  :  1 
