
Results obtained with combination of parameters : 
un_year  :  1974.059 
un_max  :  0.4063805 
un_min  :  0.02495866 
uk  :  0.2651001 
th_edu  :  22.05205 
w_pnty  :  0.4907865 
post_edu  :  3.183352 
gamma  :  41.7262 
kappa  :  0.2823901 
d  :  0.07718841 
ini_d  :  2.733105 
diff_d  :  0.1609332 
d_norm  :  2.526582 
purpose  :  2 
